Time,Speed,Rotation,Position,Translation,Label
0.0200050012503126,3.00075018754634e-05,1.57079630639939,-79.99999939985,-299.999999999976,0
0.0400100025006252,0.120060015003751,1.57071469090429,-79.9975975994025,-299.999999901752,0
0.0600150037509377,0.240090022505626,1.57056611069082,-79.9927945987153,-299.999999152433,0
0.0800200050012503,0.360120030007502,1.57036182007008,-79.9855903980759,-299.999996757305,0
0.100025006251563,0.480150037509377,1.57011070123442,-79.9759849982585,-299.999991376533,0
0.120030007501875,0.600180045011253,1.56981990563451,-79.9639784007986,-299.999981397227,0
0.140035008752188,0.720210052513128,1.56949528215699,-79.9495706082566,-299.999964988588,0
0.160040010002501,0.840240060015004,1.56914167356481,-79.9327616244556,-299.999940144938,0
0.180045011252813,0.960270067516879,1.56876312811576,-79.9135514546868,-299.999904719766,0
0.200050012503126,1.08030007501876,1.56836305463647,-79.8919401058847,-299.999856452931,0
0.220055013753438,1.20033008252063,1.56794433876775,-79.8679275867724,-299.999792992519,0
0.240060015003751,1.32036009002251,1.56750943185494,-79.8415139079805,-299.999711912423,0
0.260065016254064,1.44039009752438,1.5670604201317,-79.8126990821434,-299.99961072646,0
0.280070017504376,1.56042010502626,1.56659907942723,-79.7814831239778,-299.999486899614,0
0.300075018754689,1.68045011252813,1.56612691905331,-79.7478660503461,-299.999337856894,0
0.320080020005001,1.80048012003001,1.56564521747933,-79.7118478803093,-299.999160990149,0
0.340085021255314,1.92051012753188,1.56515505168893,-79.6734286351729,-299.998953663155,0
0.360090022505626,2.04054013503376,1.56465732161503,-79.6326083385285,-299.998713215202,0
0.380095023755939,2.16057014253563,1.56415277069875,-79.5893870162946,-299.998436963381,0
0.400100025006252,2.28060015003751,1.5636420033644,-79.5437646967596,-299.998122203737,0
0.420105026256564,2.40063015753938,1.56312550001844,-79.4957414106285,-299.997766211427,0
0.440110027506877,2.52066016504126,1.56260363004293,-79.445317191076,-299.997366240006,0
0.460115028757189,2.64069017254313,1.56207666315204,-79.3924920738086,-299.996919519944,0
0.480120030007502,2.76072018004501,1.56154477940171,-79.3372660971361,-299.996423256472,0
0.500125031257814,2.88075018754688,1.56100807808348,-79.279639302055,-299.995874626831,0
0.520130032508127,3.00078019504876,1.56046658568666,-79.219611732345,-299.995270777007,0
0.54013503375844,3.12081020255063,1.55992026307741,-79.1571834346797,-299.994608818017,0
0.560140035008752,3.24070017504375,1.55936903519335,-79.0923572592513,-299.993885855356,0
0.580145036259065,3.34072518129532,1.55881603196554,-79.0255306296995,-299.993103682054,0
0.600150037509377,3.44075018754688,1.55826001515278,-78.9567035942805,-299.992259924106,0
0.62015503875969,3.54077519379844,1.55770070462585,-78.8858762042248,-299.991352139412,0
0.640160040010002,3.64080020005,1.55713779549111,-78.8130485135203,-299.990377845681,0
0.660165041260315,3.74082520630157,1.55657096109204,-78.7382205790621,-299.989334516347,0
0.680170042510628,3.84085021255313,1.55599985582771,-78.6613924608145,-299.988219576484,0
0.70017504376094,3.94087521880469,1.55542411780177,-78.5825642219861,-299.98703039873,0
0.720180045011253,4.04090022505626,1.55484337131372,-78.5017359292177,-299.985764299245,0
0.740185046261565,4.14092523130782,1.55425722920226,-78.418907652783,-299.984418533716,0
0.760190047511878,4.24095023755938,1.55366529504948,-78.3340794668018,-299.982990293432,0
0.780195048762191,4.34097524381095,1.55306716525296,-78.2472514494661,-299.981476701436,0
0.800200050012503,4.44100025006251,1.55246243097247,-78.1584236832786,-299.979874808785,0
0.820205051262816,4.54102525631408,1.55185067995659,-78.0675962553036,-299.978181590905,0
0.840210052513128,4.64105026256564,1.55123149825423,-77.9747692574307,-299.976393944079,0
0.860215053763441,4.74107526881721,1.55060447181531,-77.8799427866498,-299.974508682064,0
0.880220055013753,4.84110027506877,1.54996918798455,-77.7831169453388,-299.972522532845,0
0.900225056264066,4.94112528132033,1.54932523689179,-77.684291841563,-299.970432135546,0
0.920230057514379,5.0411502875719,1.54867221274207,-77.583467589386,-299.968234037491,0
0.940235058764691,5.14117529382346,1.54800971500856,-77.4806443091926,-299.965924691433,0
0.960240060015004,5.24120030007503,1.5473373495311,-77.3758221280219,-299.963500452949,0
0.980245061265316,5.34122530632659,1.54665472952305,-77.269001179913,-299.960957578002,0
1.00025006251563,5.44125031257816,1.54596147648932,-77.16018160626,-299.958292220684,0
1.02025506376594,5.54127531882972,1.54525722105783,-77.0493635561784,-299.955500431135,0
1.04026006501625,5.64130032508128,1.54454160372741,-76.936547186882,-299.95257815363,0
1.06026506626657,5.74132533133285,1.54381427553444,-76.8217326640689,-299.949521224855,0
1.08027006751688,5.84135033758441,1.54307489864096,-76.7049201623182,-299.946325372353,0
1.10027506876719,5.94137534383598,1.542323146847,-76.5861098654958,-299.942986213147,0
1.1202800700175,6.04140035008754,1.54155870602967,-76.465301967169,-299.93949925253,0
1.14028507126782,6.14108327081772,1.54078131783821,-76.3425035094975,-299.935860093676,0
1.16029007251813,6.21710227556891,1.53999368863867,-76.2181878801481,-299.93207860688,0
1.18029507376844,6.2931212803201,1.53919536797438,-76.0923552687143,-299.928151098524,0
1.20030007501875,6.36914028507129,1.53838614803399,-75.9650058735799,-299.924073785599,0
1.22030507626907,6.44515928982248,1.53756583336805,-75.8361399017781,-299.919842810151,0
1.24031007751938,6.52117829457367,1.53673424066452,-75.7057575692674,-299.915454239666,0
1.26031507876969,6.59719729932486,1.53589119850293,-75.5738591012113,-299.910904067526,0
1.28032008002,6.67321630407604,1.53503654708953,-75.4404447322578,-299.906188213518,0
1.30032508127032,6.74923530882723,1.53417013797492,-75.3055147068214,-299.901302524397,0
1.32033008252063,6.82525431357842,1.53329183375629,-75.1690692793663,-299.896242774498,0
1.34033508377094,6.90127331832961,1.53240150776589,-75.0311087146906,-299.891004666394,0
1.36034008502126,6.9772923230808,1.53149904374749,-74.8916332882117,-299.88558383159,0
1.38034508627157,7.05331132783198,1.5305843355226,-74.7506432862522,-299.879975831252,0
1.40035008752188,7.12933033258317,1.52965728664785,-74.6081390063276,-299.87417615697,0
1.42035508877219,7.20534933733436,1.52871781006538,-74.4641207574336,-299.868180231545,0
1.44036009002251,7.28136834208555,1.52776582774745,-74.3185888603343,-299.861983409796,0
1.46036509127282,7.35738734683674,1.52680127033684,-74.1715436478518,-299.855580979392,0
1.48037009252313,7.43340635158793,1.52582407678446,-74.0229854651548,-299.848968161691,0
1.50037509377344,7.50942535633912,1.52483419398527,-73.8729146700489,-299.842140112595,0
1.52038009502376,7.5854443610903,1.52383157641395,-73.7213316332662,-299.835091923408,0
1.54038509627407,7.66146336584149,1.5228161857613,-73.568236738756,-299.827818621707,0
1.56039009752438,7.73748237059268,1.52178799057261,-73.4136303839752,-299.820315172203,0
1.58039509877469,7.81350137534387,1.5207469658889,-73.2575129801795,-299.812576477606,0
1.60040010002501,7.88952038009506,1.51969309289206,-73.0998849527143,-299.804597379487,0
1.62040510127532,7.96553938484624,1.51862635855472,-72.9407467413059,-299.796372659131,0
1.64041010252563,8.04155838959743,1.51754675529568,-72.7800988003538,-299.787897038378,0
1.66041510377594,8.11757739434862,1.51645428064175,-72.6179415992221,-299.779165180457,0
1.68042010502626,8.19359639909981,1.5153489368964,-72.4542756225321,-299.770171690803,0
1.70042510627657,8.269615403851,1.51423073081625,-72.2891013704547,-299.76091111786,0
1.72043010752688,8.34563440860219,1.51309967329552,-72.122419359004,-299.751377953868,0
1.74043510877719,8.42165341335337,1.51195577905929,-71.9542301203304,-299.741566635628,0
1.76044011002751,8.49767241810456,1.51079906636573,-71.7845342030152,-299.731471545249,0
1.78044511127782,8.57369142285575,1.50962955671789,-71.613332172365,-299.721087010877,0
1.80045011252813,8.64971042760694,1.50844727458519,-71.4406246107075,-299.710407307396,0
1.82045511377844,8.72572943235813,1.50725224713496,-71.2664121176879,-299.69942665711,0
1.84046011502876,8.80174843710932,1.50604450397427,-71.0906953105658,-299.688139230401,0
1.86046511627907,8.8777674418605,1.50482407690211,-70.9134748245138,-299.676539146361,0
1.88047011752938,8.95378644661169,1.50359099967213,-70.7347513129163,-299.664620473404,0
1.90047511877969,9.02980545136288,1.5023453077659,-70.5545254476704,-299.652377229847,0
1.92048012003001,9.10544036009006,1.50108709132227,-70.3728055820823,-299.639803929027,0
1.94048512128032,9.165455363841,1.49981855025198,-70.1899041158556,-299.626916671481,0
1.96049012253063,9.22547036759194,1.49853971677943,-70.0058216902787,-299.613710554032,0
1.98049512378095,9.28548537134288,1.49725064462539,-69.8205589617208,-299.600180645742,0
2.00050012503126,9.34550037509382,1.49595138700628,-69.6341166016757,-299.586321990108,0
2.02050512628157,9.40551537884476,1.49464199654641,-69.4464952969443,-299.572129605266,0
2.04051012753188,9.4655303825957,1.49332252519823,-69.2576957498189,-299.557598484165,0
2.0605151287822,9.52554538634664,1.49199302417025,-69.0677186782671,-299.542723594728,0
2.08052013003251,9.58556039009758,1.49065354386227,-68.8765648161194,-299.52749988,0
2.10052513128282,9.64557539384852,1.48930413380752,-68.6842349132557,-299.511922258272,0
2.12053013253313,9.70559039759946,1.48794484262143,-68.4907297357953,-299.4959856232,0
2.14053513378345,9.7656054013504,1.48657571795664,-68.2960500662873,-299.479684843902,0
2.16054013503376,9.82562040510134,1.48519680646393,-68.1001967039023,-299.463014765046,0
2.18054513628407,9.88563540885228,1.48380815375871,-67.9031704646269,-299.445970206927,0
2.20055013753438,9.94565041260322,1.48240980439277,-67.7049721814586,-299.428545965529,0
2.2205551387847,10.0056409902476,1.48100180527018,-67.5056031910956,-299.410736857059,0
2.24056014003501,10.0647421655415,1.47958432400539,-67.3050820794191,-299.392539252012,0
2.26056514128532,10.1226432380096,1.47815757079593,-67.1034336295711,-299.373950172539,0
2.28057014253563,10.1793620033009,1.47672175264,-66.9006822749105,-299.354966721393,0
2.30057514378595,10.2349224692974,1.47527707258428,-66.6968519750413,-299.335586069685,0
2.32058014503626,10.289348287816,1.47382372968194,-66.4919662227294,-299.315805456167,0
2.34058514628657,10.3426626303996,1.472361918977,-66.2860480532972,-299.295622186701,0
2.36059014753688,10.3948881954411,1.47089183149978,-66.079120053878,-299.275033633672,0
2.3805951487872,10.4460472177915,1.46941365427242,-65.8712043724826,-299.254037235349,0
2.40060015003751,10.4961614782252,1.46792757032327,-65.6623227268794,-299.232630495198,0
2.42060515128782,10.5452523127126,1.46643375870966,-65.4524964132931,-299.210810981146,0
2.44061015253813,10.5933406215046,1.4649323945479,-65.2417463149253,-299.188576324816,0
2.46061515378845,10.6404468780299,1.46342364905,-65.0300929103013,-299.165924220713,0
2.48062015503876,10.6865911376123,1.46190768956617,-64.8175562814458,-299.142852425397,0
2.50062515628907,10.7317930460086,1.46038467963261,-64.6041561218924,-299.119358756608,0
2.52063015753938,10.7760718477729,1.45885477902376,-64.3899117445296,-299.095441092387,0
2.5406351587897,10.8194463944503,1.45731814380858,-64.1748420892867,-299.07109737016,0
2.56064016004001,10.8619351526019,1.45577492641018,-63.9589657306631,-299.046325585815,0
2.58064516129032,10.9035562116681,1.4542252756683,-63.7423008851049,-299.021123792758,0
2.60065016254064,10.9443272916692,1.45266933690423,-63.5248654182309,-298.995490100965,0
2.62065516379095,10.9842657507497,1.45110725198767,-63.3066768519119,-298.969422676011,0
2.64066016504126,11.0233885925693,1.44953915940512,-63.087752371206,-298.942919738107,0
2.66066516629157,11.0617124735409,1.44796519432948,-62.868108831153,-298.915979561121,0
2.68067016754189,11.099253709923,1.44638548869047,-62.647762763431,-298.888600471602,0
2.7006751687922,11.136028284766,1.44480017124556,-62.4267303828778,-298.860780847794,0
2.72068017004251,11.1720518547167,1.44320936765126,-62.2050275938801,-298.832519118665,0
2.74068517129282,11.2073397566843,1.44161320053434,-61.9826699966326,-298.803813762922,0
2.76069017254314,11.2419070143698,1.44001178956284,-61.7596728932708,-298.77466330804,0
2.78069517379345,11.2757683446628,1.43840525151678,-61.5360512938793,-298.745066329288,0
2.80070017504376,11.3089381639064,1.43679370035816,-61.3118199223783,-298.71502144877,0
2.82070517629407,11.3414305940357,1.43517724730037,-61.0869932222904,-298.68452733446,0
2.84071017754439,11.3732594685894,1.43355600087661,-60.8615853623918,-298.653582699257,0
2.8607151787947,11.4044383386001,1.43193006700744,-60.6356102422476,-298.622186300039,0
2.88072018004501,11.4349804783632,1.43029954906721,-60.4090814976364,-298.590336936732,0
2.90072518129532,11.4648988910881,1.42866454794934,-60.1820125058639,-298.558033451385,0
2.92073018254564,11.4942063144351,1.42702516213038,-59.9544163909701,-298.525274727262,0
2.94073518379595,11.5229152259377,1.42538148773275,-59.7263060288301,-298.492059687933,0
2.96074018504626,11.551037848315,1.42373361858624,-59.497694052153,-298.458387296389,0
2.98074518629657,11.5785861546758,1.42208164628805,-59.2685928553782,-298.424256554163,0
3.00075018754689,11.6055718736158,1.42042566026149,-59.0390145994742,-298.389666500463,0
3.0207551887972,11.6320064942109,1.41876574781327,-58.8089712166391,-298.354616211318,0
3.04076019004751,11.6579012709091,1.41710199418936,-58.5784744149074,-298.319104798739,0
3.06076519129782,11.6832672283216,1.41543448262944,-58.3475356826624,-298.283131409891,0
3.08077019254814,11.7081151659168,1.41376329441993,-58.1161662930583,-298.246695226276,0
3.10077519379845,11.7324556626178,1.41208850894558,-57.8843773083531,-298.209795462936,0
3.12078019504876,11.7562990813066,1.41041020373971,-57.6521795841531,-298.172431367662,0
3.14078519629907,11.779655573236,1.40872845453299,-57.4195837735725,-298.134602220221,0
3.16079019754939,11.8025350823515,1.40704333530097,-57.1866003313087,-298.096307331597,0
3.1807951987997,11.8249473495248,1.40535491831015,-56.9532395176357,-298.057546043241,0
3.20080020005001,11.846901916701,1.40366327416276,-56.7195114023161,-298.018317726342,0
3.22080520130033,11.8684081309609,1.40196847184032,-56.485425868435,-297.978621781101,0
3.24081020255064,11.8894751485008,1.40027057874579,-56.2509926161561,-297.938457636033,0
3.26081520380095,11.9101119385305,1.39856966074465,-56.0162211664019,-297.897824747265,0
3.28082020505126,11.930327287092,1.39686578220463,-55.7811208644603,-297.856722597866,0
3.30082520630158,11.9501298007999,1.39515900603436,-55.5457008835177,-297.815150697173,0
3.32083020755189,11.9695279105059,1.39344939372079,-55.3099702281214,-297.773108580145,0
3.3408352088022,11.9885298748882,1.39173700536558,-55.0739377375715,-297.730595806718,0
3.36084021005251,12.0071437839674,1.39002189972036,-54.8376120892457,-297.687611961183,0
3.38084521130283,12.025377562551,1.38830413422096,-54.6010018018552,-297.644156651568,0
3.40085021255314,12.0432389736072,1.38658376502056,-54.364115238637,-297.60022950904,0
3.42085521380345,12.0607356215702,1.38486084702197,-54.1269606104801,-297.555830187316,0
3.44086021505376,12.0778749555773,1.38313543390885,-53.8895459789899,-297.510958362087,0
3.46086521630408,12.0946642726408,1.38140757817602,-53.6518792594901,-297.465613730454,0
3.48087021755439,12.1111107207546,1.37967733115896,-53.4139682239648,-297.419796010377,0
3.5008752188047,12.1272213019373,1.37794474306229,-53.1758205039405,-297.373504940135,0
3.52088022005501,12.1430028752132,1.37620986298757,-52.9374435933107,-297.326740277798,0
3.54088522130533,12.1584621595327,1.37447273896019,-52.6988448511033,-297.279501800714,0
3.56089022255564,12.1736057366329,1.37273341795549,-52.4600315041924,-297.231789304999,0
3.58089522380595,12.1884400538395,1.37099194592414,-52.2210106499553,-297.183602605049,0
3.60090022505626,12.202971426812,1.36924836781683,-51.981789258876,-297.134941533054,0
3.62090522630658,12.2172060422325,1.36750272760815,-51.7423741770966,-297.085805938529,0
3.64091022755689,12.2311499604394,1.36575506831988,-51.5027721289167,-297.036195687852,0
3.6609152288072,12.2448091180079,1.36400543204358,-51.2629897192432,-296.986110663816,0
3.68092023005751,12.2581893302774,1.36225385996256,-51.02303343599,-296.935550765188,0
3.70092523130783,12.2712962938274,1.36050039237321,-50.7829096524301,-296.884515906279,0
3.72093023255814,12.2841355889023,1.35874506870579,-50.5426246294998,-296.833006016527,0
3.74093523380845,12.296712681788,1.35698792754456,-50.3021845180568,-296.781021040087,0
3.76094023505876,12.3090329271387,1.35522900664744,-50.0615953610927,-296.728560935429,0
3.78094523630908,12.3211015702564,1.35346834296513,-49.820863095901,-296.675625674953,0
3.80095023755939,12.3329237493245,1.3517059726596,-49.5799935562013,-296.622215244602,0
3.8209552388097,12.3445044975951,1.34994193112225,-49.3389924742213,-296.568329643496,0
3.84096024006001,12.3558487455322,1.34817625299147,-49.0978654827358,-296.513968883564,0
3.86096524131033,12.3669613229104,1.34640897216975,-48.856618117066,-296.459132989197,0
3.88097024256064,12.3778469608713,1.3446401218404,-48.6152558170371,-296.403821996895,0
3.90097524381095,12.3885102939381,1.34286973448372,-48.3737839288979,-296.34803595494,0
3.92098024506127,12.3989558619883,1.34109784189291,-48.1322077072007,-296.291774923056,0
3.94098524631158,12.4091881121866,1.33932447518938,-47.8905323166437,-296.235038972101,0
3.96099024756189,12.4192114008785,1.33754966483783,-47.6487628338766,-296.177828183746,0
3.9809952488122,12.4290299954449,1.33577344066087,-47.4069042492691,-296.120142650175,0
4.00100025006252,12.4386480761189,1.33399583185326,-47.1649614686447,-296.061982473789,0
4.02100525131283,12.4480218670193,1.33221687383539,-46.9229402448911,-296.003347994744,0
4.04101025256314,12.4554363931469,1.33043684706323,-46.68087963791,-295.944247779919,1
4.06101525381345,12.4467694816814,1.32865805025852,-46.4390929421239,-295.884758347417,1
4.08102025506377,12.4424113120462,1.32687986791417,-46.1974970346629,-295.824860019407,1
4.10102525631408,12.4129272458231,1.32510589146684,-45.9565801524956,-295.764675605056,1
4.12103025756439,12.4089957128473,1.32333246934421,-45.71584667946,-295.704083145753,1
4.1410352588147,12.417328219071,1.32155784940636,-45.4750594816558,-295.643022785955,1
4.16104026006502,12.4010278651802,1.31978555260143,-45.234696906569,-295.581616175843,1
4.18104526131533,12.4055927733651,1.31801259708657,-44.9943551219864,-295.519760826476,1
4.20105026256564,12.4111605209489,1.3162388400156,-44.7540155869999,-295.457451414469,1
4.22105526381595,12.4139080847411,1.31446468471776,-44.5137337761722,-295.394701876445,1
4.24106026506627,12.4073692125615,1.31269145864949,-44.2736901456919,-295.331559534542,1
4.26106526631658,12.3983047452826,1.31091952301252,-44.0339341142186,-295.268038212764,1
4.28107026756689,12.402432028017,1.30914699269307,-43.7942112561028,-295.204070806802,1
4.3010752688172,12.4022936514467,1.30737447763646,-43.5546048235785,-295.139679324259,1
4.32108027006752,12.3924345784871,1.30560336735554,-43.3153032482252,-295.074914907617,1
4.34108527131783,12.3957170238885,1.30383178383953,-43.0760534194935,-295.009709427776,1
4.36109027256814,12.4043671888269,1.30205896014243,-42.8367526272822,-294.944034299289,1
4.38109527381845,12.3882547221252,1.30028843563502,-42.5978792689024,-294.878021126995,1
4.40110027506877,12.3950080582036,1.29851694233312,-42.3589930267312,-294.81154882332,1
4.42110527631908,12.3859260208169,1.29674674374665,-42.1203998229012,-294.744702604113,1
4.44111027756939,12.3797957589602,1.29497741811143,-41.8820433296043,-294.677467519284,1
4.4611152788197,12.3798015866233,1.29320808861766,-41.6438060583432,-294.609810776982,1
4.48112028007002,12.3799488431704,1.29143873522005,-41.4056860342366,-294.541731810761,1
4.50112528132033,12.3785622724284,1.28966957727394,-41.167713487963,-294.473239328662,1
4.52113028257064,12.3769257202991,1.2879006506306,-40.929893925513,-294.404335082709,1
4.54113528382095,12.3749841902509,1.28613199901653,-40.6922339043497,-294.335021155393,1
4.56114028507127,12.3795492381182,1.28436269261294,-40.4546092475155,-294.265261189536,1
4.58114528632158,12.3864628466789,1.28259239582514,-40.2169757654161,-294.195041637328,1
4.60115028757189,12.3688573921315,1.28082461314365,-39.9798044651939,-294.124502201814,1
4.62115528882221,12.3597038368321,1.27905813665514,-39.7429336249382,-294.053596252345,1
4.64116029007252,12.3634076066122,1.2772911288486,-39.5061174769731,-293.982250562773,1
4.66116529132283,12.3608853725822,1.27552447970741,-39.2694760442345,-293.910501204584,1
4.68117029257314,12.3614035324475,1.27375775472298,-39.0329518135526,-293.838330885855,1
4.70117529382346,12.3496819835629,1.27199270335939,-38.7967795619092,-293.765811823423,1
4.72118029507377,12.3444421099373,1.27022839928517,-38.5608358055186,-293.692907045705,1
4.74118529632408,12.3428999885071,1.26846431409857,-38.3250504961891,-293.619595285077,1
4.76119029757439,12.3439260198013,1.26670008081186,-38.0893752931733,-293.545861557082,1
4.78119529882471,12.3397618089359,1.26493644131379,-37.8539099791688,-293.471737242198,1
4.80120030007502,12.3352546495129,1.26317344466069,-37.6186616875869,-293.397225079316,1
4.82120530132533,12.3250790072676,1.26141190108573,-37.3837390245988,-293.322360270917,1
4.84121030257564,12.314650182729,1.25965184683185,-37.149147216623,-293.247145620025,1
4.86121530382596,12.3069682794267,1.25789288938072,-36.9148343795592,-293.171565474289,1
4.88122030507627,12.310637854057,1.25613340636115,-36.6805850381992,-293.095550586448,1
4.90122530632658,12.3098920081637,1.25437402889209,-36.4464839759507,-293.019128321979,1
4.92123030757689,12.3000405213193,1.25261605850118,-36.2127049397956,-292.942355915791,1
4.94123530882721,12.3110977155101,1.25085650679294,-35.9788512432055,-292.86510310438,1
4.96124031007752,12.3117370618489,1.2490968628496,-35.7451217161902,-292.787434869182,1
4.98124531132783,12.3234403820263,1.24733554535669,-35.511307234924,-292.709281059411,1
5.00125031257814,12.3329466537893,1.24557286834003,-35.2774505503657,-292.630654815867,1
5.02125531382846,12.3280166258138,1.24381089519911,-35.0438262365845,-292.55164812881,1
5.04126031507877,12.337437661966,1.2420475747819,-34.8101631103374,-292.472169091708,1
5.06126531632908,12.3394202460151,1.24028397030256,-34.57660298439,-292.392265274628,1
5.08127031757939,12.3449847155343,1.2385195697924,-34.3430788942652,-292.311913396962,1
5.10127531882971,12.3339432149753,1.23675674673684,-34.1099056211634,-292.23122202549,1
5.12128032008002,12.3286188589847,1.23499468406066,-33.8769755372517,-292.150154801993,1
5.14128532133033,12.3379035252704,1.23323129369784,-33.6440133714375,-292.068615811674,1
5.16129032258065,12.3183604574026,1.23147069598037,-33.4115640306903,-291.986796254913,1
5.18129532383096,12.3105916227001,1.22971120808741,-33.1794055772502,-291.9046195386,1
5.20130032508127,12.3142026015279,1.22795120353552,-32.9473240238689,-291.822010213031,1
5.22130532633158,12.304737219759,1.22619255133867,-32.715566450876,-291.739056509505,1
5.2413103275819,12.3002755477312,1.22443453634093,-32.4840390770081,-291.655725656057,1
5.26131532883221,12.2956329294562,1.22267718446317,-32.2527458759028,-291.572019560846,1
5.28132033008252,12.3027018680106,1.2209188218069,-32.0214672795695,-291.487858669988,1
5.30132533133283,12.3038257733696,1.21916029811634,-31.7903159224014,-291.403283486008,1
5.32133033258315,12.3081363757813,1.21740115791922,-31.5592327373896,-291.318272118376,1
5.34133533383346,12.3056438162544,1.21564237360474,-31.328346213432,-291.232871705501,1
5.36134033508377,12.3073481973568,1.21388334532842,-31.0975783006297,-291.147053431755,1
5.38134533633408,12.309034129924,1.21212407572732,-30.866930113234,-291.060817537987,1
5.4013503375844,12.3048777264926,1.21036539987265,-30.6365118115856,-290.974205311574,1
5.42135533883471,12.3097187052004,1.20860603180225,-30.4061556286599,-290.887153673561,1
5.44136034008502,12.3136995827292,1.20684609442184,-30.1758785181414,-290.799668574206,1
5.46136534133533,12.3027927572655,1.20508771564883,-29.9459595112584,-290.711856335807,1
5.48137034258565,12.3052061432638,1.20332899164007,-29.716150200954,-290.623622620486,1
5.50137534383596,12.3001802608104,1.20157098570565,-29.4865901975045,-290.535021145828,1
5.52138034508627,12.3002831625926,1.1998129648212,-29.2571843976982,-290.446015484646,1
5.54138534633658,12.3045314730219,1.19805433649238,-29.0278562690436,-290.356575720845,1
5.5613903475869,12.3050586896886,1.19629563261171,-28.7986759845105,-290.266728910143,1
5.58139534883721,12.3163208154647,1.19453531884432,-28.5694445195059,-290.176396411907,1
5.60140035008752,12.3192228209379,1.19277459010937,-28.3403184725815,-290.085639098851,1
5.62140535133783,12.3265161702183,1.19101281877946,-28.1112170782959,-289.994424399281,1
5.64141035258815,12.3375484548155,1.1892494704427,-27.8820718988085,-289.902724054858,1
5.66141535383846,12.3397988780277,1.18748580024661,-27.6530470068926,-289.810602979761,1
5.68142035508877,12.3304564911853,1.1857234651561,-27.4243581600104,-289.718148310722,1
5.70142535633908,12.3287751444985,1.1839613702131,-27.1958637606433,-289.625303437761,1
5.7214303575894,12.3319913070002,1.1821988154365,-26.9674737755926,-289.532031702156,1
5.74143535883971,12.3340406208357,1.18043596755474,-26.7392106048301,-289.438342002491,1
5.76144036009002,12.3173386671393,1.17867550665369,-26.5114217097702,-289.344377744251,1
5.78144536134034,12.3003648823228,1.17691747164332,-26.2841121714431,-289.250142893478,1
5.80145036259065,12.3017791181384,1.17515923437522,-26.0569425512318,-289.155497658776,1
5.82145536384096,12.3071869569316,1.17340022407241,-25.8298399429789,-289.060411274755,1
5.84146036509127,12.3154336281705,1.17164003495112,-25.6027529200042,-288.964861475816,1
5.86146536634159,12.3100649297717,1.16988061302733,-25.375933313936,-288.868954031409,1
5.8814703675919,12.3026689202596,1.16812224812267,-25.1494189499341,-288.7727056033,1
5.90147536884221,12.3143553073454,1.16636221282335,-24.9228592487086,-288.675967037679,1
5.92148037009252,12.323932155292,1.16460080861789,-24.6962941515653,-288.57875419369,1
5.94148537134284,12.3230029192276,1.16283953712067,-24.469917697792,-288.481149807837,1
5.96149037259315,12.3199959585262,1.16107869530164,-24.2437686790509,-288.383170824678,1
5.98149537384346,12.316448515946,1.15931836037594,-24.0178575615397,-288.28482219335,1
6.00150037509377,12.3011508490183,1.157560211819,-23.7924002042916,-288.186198907931,1
6.02150537634409,12.2960699897717,1.15580278937984,-23.5672096132774,-288.087220355214,1
6.0415103775944,12.2963422177497,1.15404532793575,-23.3421883283765,-287.987844010097,1
6.06151537884471,12.291064066973,1.15228862082232,-23.1174385288666,-287.888115246383,1
6.08152038009502,12.2925393271396,1.15053170275075,-22.892837308962,-287.787979802299,1
6.10152538134534,12.2834677990082,1.14877608120172,-22.6685779377179,-287.687524211926,1
6.12153038259565,12.2866740897235,1.14702000131377,-22.4444367999411,-287.586648695916,1
6.14153538384596,12.2861168267049,1.14526400102422,-22.2204833135935,-287.485384317943,1
6.16154038509627,12.2893537052868,1.14350753802153,-21.996649050322,-287.383700015775,1
6.18154538634659,12.2859593772801,1.14175156011336,-21.773055493435,-287.281650950868,1
6.2015503875969,12.2876922316358,1.13999533448789,-21.5496099820729,-287.179194936818,1
6.22155538884721,12.2898954424514,1.13823879385452,-21.3263047045305,-287.076328230684,1
6.24156039009752,12.2724234871084,1.13648475038044,-21.1034975468896,-286.973216500314,1
6.26156539134784,12.2620479519884,1.1347321898115,-20.8810597456974,-286.869801766459,1
6.28157039259815,12.2588810427386,1.13298008180081,-20.6588608906014,-286.766024237244,1
6.30157539384846,12.2477325217683,1.1312295672038,-20.437046054648,-286.661952423461,1
6.32158039509878,12.2515499062346,1.12947850693813,-20.2153446749436,-286.557459879483,1
6.34158539634909,12.2473021776381,1.12772805374578,-19.9939033799671,-286.452615711469,1
6.3615903975994,12.2445743507386,1.12597799041012,-19.7726952182031,-286.347407549316,1
6.38159539884971,12.2485150868967,1.12422736383475,-19.5516004273429,-286.241778352328,1
6.40160040010003,12.259894018847,1.12247511082235,-19.3304857207741,-286.135663640375,1
6.42160540135034,12.2524120938038,1.12072392717648,-19.1096920846809,-286.029226726294,1
6.44161040260065,12.2566552222593,1.11897213700538,-18.8890087902444,-285.922366295692,1
6.46161540385096,12.2474329889815,1.11722166489145,-18.6686788642825,-285.815200283806,1
6.48162040510128,12.2369102521704,1.11547269674192,-18.4487259403506,-285.707741307876,1
6.50162540635159,12.2342668648862,1.11372410637133,-18.2290087472373,-285.599921144197,1
6.5216304076019,12.2317585016397,1.11197587449925,-18.009525421318,-285.491739162983,1
6.54163540885221,12.2344834115831,1.11022725315569,-17.7901827332139,-285.3831494016,1
6.56164041010253,12.241434237694,1.10847763834033,-17.5709058108141,-285.274114236426,1
6.58164541135284,12.2489884500672,1.10672694379622,-17.3516848463497,-285.164627958807,1
6.60165041260315,12.2504688128147,1.10497603760323,-17.1326294115772,-285.054744792147,1
6.62165541385346,12.2389643487678,1.10322677571153,-16.9139721727041,-284.944581951056,1
6.64166041510378,12.2406641992502,1.10147727088043,-16.6954776610225,-284.834021385396,1
6.66166541635409,12.2503738008582,1.09972637819664,-16.4770037815659,-284.722990638553,1
6.6816704176044,12.2361281004738,1.09797752162255,-16.2589783863175,-284.61170728158,1
6.70167541885471,12.2378234774515,1.0962284227156,-16.0411177740683,-284.500027303268,1
6.72168042010503,12.2390870878411,1.09447914319576,-15.8234303729677,-284.387954841249,1
6.74168542135534,12.2423714812698,1.09272939423972,-15.6058810151962,-284.275471523764,1
6.76169042260565,12.2465401179051,1.09097904945177,-15.3884548251456,-284.162569234397,1
6.78169542385596,12.2470552100413,1.08922863102267,-15.1712174500208,-284.049281779526,1
6.80170042510628,12.2431618106963,1.08747876895941,-14.9542476273181,-283.935650500996,1
6.82170542635659,12.2148426065459,1.08573295448322,-14.7379781817555,-283.821903837884,1
6.8417104276069,12.2050758276288,1.08398853593582,-14.5220803431118,-283.707871170723,1
6.86171542885721,12.2008998293959,1.08224471423053,-14.3064555197346,-283.593501272868,1
6.88172043010753,12.197524624936,1.08050137497514,-14.0910900631301,-283.478787290611,1
6.90172543135784,12.2096142538431,1.07875630772301,-13.8757117202243,-283.363583819066,1
6.92173043260815,12.2035868876941,1.07701210199273,-13.6606409535038,-283.248061774468,1
6.94173543385846,12.2155571629624,1.07526618532738,-13.4455613107318,-283.132050959769,1
6.96174043510878,12.2076718889785,1.07352139563826,-13.2308231684139,-283.015740076389,1
6.98174543635909,12.1942095340115,1.07177853008854,-13.0165247810895,-282.899183558196,1
7.0017504376094,12.1893450091745,1.07003635975746,-12.8025152070488,-282.782300470992,1
7.02175543885971,12.1761225818813,1.06829607933613,-12.5889414552512,-282.665172048717,1
7.04176044011003,12.1903393875126,1.06655376696116,-12.3753228536707,-282.547534715465,0
7.06176544136034,12.2048204205051,1.06480938486647,-12.1616561433067,-282.429384965593,0
7.08177044261065,12.2190170432687,1.06306297370182,-11.9479476797826,-282.310724598233,0
7.10177544386096,12.2329239756799,1.06131457487166,-11.7342038964526,-282.191555500896,0
7.12178044511128,12.2465469074255,1.05956422896726,-11.5204311123343,-282.071879542967,0
7.14178544636159,12.2598916337065,1.05781197575158,-11.3066355305503,-281.951698573837,0
7.1617904476119,12.2729638359003,1.05605785417556,-11.0928232406076,-281.831014423164,0
7.18179544886222,12.2857690794526,1.0543019023947,-10.8790002207086,-281.709828901177,0
7.20180045011253,12.2983128161542,1.05254415778529,-10.6651723400162,-281.588143798976,0
7.22180545136284,12.3106003864602,1.0507846569603,-10.4513453608735,-281.465960888822,0
7.24181045261315,12.3226370217638,1.04902343578503,-10.237524940979,-281.343281924429,0
7.26181545386347,12.3344278466234,1.04726052939233,-10.0237166355164,-281.220108641244,0
7.28182045511378,12.3459778809444,1.04549597219756,-9.8099258992425,-281.096442756729,0
7.30182545636409,12.3572920421164,1.04372979791326,-9.59615808853211,-280.972285970634,0
7.3218304576144,12.3683751471068,1.04196203956349,-9.38241846338149,-280.847639965269,0
7.34183545886472,12.3792319145118,1.0401927294979,-9.1687121893711,-280.722506405765,0
7.36184046011503,12.3898669665647,1.0384218994055,-8.95504433958875,-280.596886940343,0
7.38184546136534,12.4002848311046,1.03664958032814,-8.74141989651324,-280.470783200564,0
7.40185046261565,12.4104899435035,1.03487580267375,-8.52784375386016,-280.344196801589,0
7.42185546386597,12.4204866485551,1.03310059622925,-8.31432071838969,-280.217129342424,0
7.44186046511628,12.430279202324,1.03132399017327,-8.10085551167806,-280.089582406169,0
7.46186546636659,12.4398717739584,1.02954601308855,-7.88745277185256,-279.961557560259,0
7.4818704676169,12.4492684474647,1.02776669297411,-7.67411705529159,-279.833056356703,0
7.50187546886722,12.4584732234462,1.02598605725719,-7.46085283828974,-279.704080332318,0
7.52188047011753,12.4674900208065,1.0242041328049,-7.24766451868924,-279.574631008964,0
7.54188547136784,12.476322678418,1.02242094593567,-7.03455641747792,-279.444709893768,0
7.56189047261815,12.484974956756,1.02063652243046,-6.82153278035479,-279.314318479352,0
7.58189547386847,12.4934505395003,1.01885088754374,-6.60859777926343,-279.183458244055,0
7.60190047511878,12.5017530351026,1.01706406601423,-6.39575551389446,-279.05213065215,0
7.62190547636909,12.5098859783239,1.01527608207542,-6.18301001315689,-278.920337154059,0
7.6419104776194,12.5178528317383,1.01348695946594,-5.97036523661987,-278.788079186569,0
7.66191547886972,12.5256569872081,1.0116967214396,-5.75782507592461,-278.655358173038,0
7.68192048012003,12.5333017673273,1.00990539077533,-5.54539335616772,-278.522175523605,0
7.70192548137034,12.5407904268364,1.00811298978688,-5.33307383725612,-278.388532635389,0
7.72193048262065,12.5481261540079,1.0063195403323,-5.12087021523431,-278.254430892695,0
7.74193548387097,12.5553120720043,1.00452506382326,-4.90878612358446,-278.119871667209,0
7.76194048512128,12.5623512402069,1.00272958123416,-4.6968251344999,-277.984856318195,0
7.78194548637159,12.5692466555188,1.00093311311106,-4.48499076013256,-277.849386192688,0
7.80195048762191,12.5760012536411,0.999135679580443,-4.27328645381482,-277.713462625682,0
7.82195548887222,12.5826179103221,0.997337300357751,-4.0617156112564,-277.577086940321,0
7.84196049012253,12.5890994425821,0.995537994755812,-3.85028157171667,-277.440260448082,0
7.86196549137284,12.5954486099126,0.993737781693043,-3.63898761915293,-277.302984448956,0
7.88197049262316,12.6016681154513,0.991936679701513,-3.42783698334517,-277.165260231634,0
7.90197549387347,12.6077606071327,0.990134706934827,-3.21683284099774,-277.027089073678,0
7.92198049512378,12.6137286788154,0.988331881175862,-3.00597831681843,-276.8884722417,0
7.94198549637409,12.619574871387,0.986528219844333,-2.79527648457537,-276.749410991534,0
7.96199049762441,12.6253016738451,0.984723740004211,-2.58473036813227,-276.60990656841,0
7.98199549887472,12.6309115243574,0.982918458370986,-2.37434294246233,-276.469960207114,0
8.00200050012503,12.6364068112999,0.981112391318787,-2.16411713464142,-276.329573132166,0
8.02200550137534,12.6417898742733,0.979305554887353,-1.95405582482077,-276.188746557975,0
8.04201050262566,12.6470630050995,0.97749796478886,-1.74416184717961,-276.047481689002,0
8.06201550387597,12.6522284487971,0.975689636414608,-1.53443799085834,-275.905779719925,0
8.08202050512628,12.657288404537,0.973880584841582,-1.32488700087248,-275.763641835792,0
8.10202550637659,12.6622450265794,0.972070824838864,-1.11551157900769,-275.621069212176,0
8.12203050762691,12.6671004251901,0.970260370873921,-0.906314384696478,-275.478063015333,0
8.14203550887722,12.6718566675396,0.968449237118769,-0.697298035876804,-275.334624402348,0
8.16204051012753,12.6765157785829,0.966637437456006,-0.48846510983306,-275.190754521288,0
8.18204551137784,12.6810797419215,0.964824985484718,-0.279818144019635,-275.04645451135,0
8.20205051262816,12.6855505006483,0.963011894526271,-0.0713596368674747,-274.901725503002,0
8.22205551387847,12.6899299581746,0.961198177629986,0.136907951425808,-274.756568618132,0
8.24206051512878,12.6942199790404,0.959383847578689,0.344982198122378,-274.610984970188,0
8.26206551637909,12.6984223897083,0.957568916894159,0.552860717186323,-274.464975664315,0
8.28207051762941,12.7025389793414,0.955753397842454,0.76054115854171,-274.318541797496,0
8.30207551887972,12.7065715005645,0.953937302439137,0.968021207345692,-274.171684458688,0
8.32208052013003,12.7105216702106,0.952120642454392,1.17529858327689,-274.024404728955,0
8.34208552138034,12.7143911700519,0.950303429418031,1.38237103983822,-273.876703681602,0
8.36209052263066,12.7181816475157,0.948485674624406,1.58923636367442,-273.728582382304,0
8.38209552388097,12.7218947163855,0.946667389137217,1.79589237390335,-273.580041889237,0
8.40210052513128,12.7255319574888,0.944848583794222,2.00233692146148,-273.431083253205,0
8.4221055263816,12.7290949193692,0.943029269211852,2.2085678884626,-273.281707517762,0
8.44211052763191,12.7325851189465,0.94120945578973,2.41458318757002,-273.131915719344,0
8.46211552888222,12.736004042162,0.939389153715098,2.6203807613817,-272.981708887382,0
8.48212053013253,12.7393531446114,0.937568372967156,2.82595858182808,-272.83108804443,0
8.50212553138285,12.7426338521645,0.935747123321311,3.0313146495824,-272.680054206279,0
8.52213053263316,12.745847561572,0.933925414353338,3.23644699348325,-272.528608382077,0
8.54213553388347,12.7489956410605,0.932103255443453,3.44135366996916,-272.376751574446,0
8.56214053513378,12.7520794309148,0.930280655780313,3.64603276252478,-272.224484779592,0
8.5821455363841,12.7551002440488,0.928457624364924,3.85048238113862,-272.071808987423,0
8.60215053763441,12.758059366564,0.926634170014477,4.05470066177203,-271.918725181656,0
8.62215553888472,12.7609580582973,0.924810301366097,4.2586857658393,-271.765234339928,0
8.64216054013503,12.7637975533577,0.922986026880522,4.46243587969835,-271.611337433907,0
8.66216554138535,12.7665790606512,0.921161354845707,4.66594921415218,-271.457035429394,0
8.68217054263566,12.7693037643956,0.919336293380353,4.86922400396054,-271.302329286431,0
8.70217554388597,12.7719728246249,0.917510850437359,5.07225850736197,-271.147219959405,0
8.72218054513628,12.7745873776832,0.915685033807209,5.27505100560551,-270.99170839715,0
8.7421855463866,12.777148536708,0.913858851121297,5.47759980249225,-270.835795543048,0
8.76219054763691,12.7796573921047,0.912032309855165,5.67990322392653,-270.679482335127,0
8.78219554888722,12.7821150120106,0.910205417331691,5.88195961747636,-270.522769706162,0
8.80220055013753,12.7845224427495,0.908378180724206,6.08376735194298,-270.365658583771,0
8.82220555138785,12.7868807092775,0.90655060705955,6.28532481693949,-270.208149890509,0
8.84221055263816,12.7891908156191,0.904722703221059,6.48663042247809,-270.050244543964,0
8.86221555388847,12.7914537452948,0.9028944759515,6.68768259856619,-269.89194345685,0
8.88222055513878,12.7936704617397,0.90106593185594,6.8884797948106,-269.733247537096,0
8.9022255563891,12.7958419087139,0.899237077404556,7.08902048003027,-269.57415768794,0
8.92223055763941,12.797969010704,0.897407918935396,7.28930314187693,-269.414674808015,0
8.94223555888972,12.8000526733171,0.895578462657069,7.48932628646376,-269.25479979144,0
8.96224056014004,12.8020937836658,0.893748714651394,7.68908843800166,-269.094533527901,0
8.98224556139035,12.8040932107466,0.891918680875988,7.88858813844335,-268.933876902743,0
9.00225056264066,12.8060518058091,0.890088367166803,8.08782394713462,-268.77283079705,0
9.02225556389097,12.807970402719,0.888257779240608,8.28679444047317,-268.611396087729,0
9.04226056514129,12.809849818313,0.886426922697427,8.48549821157426,-268.449573647592,0
9.0622655663916,12.8116908527463,0.88459580302292,8.68393386994369,-268.287364345434,0
9.08227056764191,12.8134942898335,0.88276442559072,8.88210004115729,-268.124769046119,0
9.10227556889222,12.8152608973823,0.880932795664719,9.07999536654744,-267.96178861065,0
9.12228057014254,12.8169914275203,0.879100918401313,9.27761850289583,-267.798423896252,0
9.14228557139285,12.8186866170152,0.877268798851591,9.47496812213295,-267.634675756445,0
9.16229057264316,12.8203471875887,0.875436441963494,9.67204291104363,-267.470545041121,0
9.18229557389347,12.8219738462234,0.873603852583911,9.86884157097895,-267.306032596618,0
9.20230057514379,12.8235672854642,0.871771035460756,10.065362817574,-267.141139265788,0
9.2223055763941,12.8251281837128,0.869937995244975,10.2616053804719,-266.975865888077,0
9.24231057764441,12.8266572055167,0.868104736492535,10.4575680030529,-266.810213299588,0
9.26231557889472,12.8281550018522,0.866271263666363,10.6532494421702,-266.644182333154,0
9.28232058014504,12.8296222104013,0.864437581138243,10.8486484678904,-266.477773818406,0
9.30232558139535,12.8310594558235,0.86260369319068,11.0437638632396,-266.310988581844,0
9.32233058264566,12.8324673500216,0.860769604018722,11.2385944239556,-266.143827446897,0
9.34233558389597,12.833846492402,0.858935317731747,11.433138958244,-265.976291233993,0
9.36234058514629,12.8351974701304,0.857100838355208,11.6273962865407,-265.808380760623,0
9.3823455863966,12.8365208583812,0.855266169832357,11.8213652412783,-265.640096841404,0
9.40235058764691,12.8378172205828,0.853431316025913,12.0150446666584,-265.471440288144,0
9.42235558889722,12.8390871086575,0.851596280719711,12.2084334184279,-265.302411909899,0
9.44236059014754,12.8403310632561,0.849761067620316,12.4015303636605,-265.133012513038,0
9.46236559139785,12.8415496139883,0.847925680358597,12.5943343805427,-264.963242901303,0
9.48237059264816,12.8427432796483,0.846090122491271,12.7868443581639,-264.793103875866,0
9.50237559389847,12.8439125684356,0.844254397502424,12.9790591963118,-264.622596235386,0
9.52238059514879,12.8450579781712,0.842418508804989,13.1709778052714,-264.45172077607,0
9.5423855963991,12.8461799965096,0.840582459742198,13.3625991056279,-264.280478291727,0
9.56239059764941,12.8472791011469,0.838746253589013,13.5539220280754,-264.108869573825,0
9.58239559889972,12.8483557600232,0.83690989355351,13.7449455132275,-263.936895411544,0
9.60240060015004,12.8494104315227,0.835073382778253,13.9356685114334,-263.76455659183,0
9.62240560140035,12.8504435646686,0.83323672434163,14.1260899825974,-263.591853899449,0
9.64241060265066,12.851455599314,0.831399921259162,14.3162088960023,-263.41878811704,0
9.66241560390097,12.8524469663296,0.829562976484784,14.5060242301364,-263.245360025164,0
9.68242060515129,12.8534180877868,0.827725892912109,14.695534972524,-263.071570402355,0
9.7024256064016,12.8543693771375,0.825888673375658,14.8847401195603,-262.897420025173,0
9.72243060765191,12.8553012393901,0.824051320652063,15.0736386763487,-262.722909668249,0
9.74243560890223,12.8562140712823,0.822213837461255,15.2622296565423,-262.548040104335,0
9.76244061015254,12.8571082614491,0.820376226467617,15.4505120821885,-262.372812104352,0
9.78244561140285,12.8579841905895,0.818538490281121,15.6384849835769,-262.197226437436,0
9.80245061265316,12.8588422316274,0.816700631458438,15.8261473990905,-262.021283870984,0
9.82245561390348,12.8596827498712,0.814862652504027,16.0134983750602,-261.844985170701,0
9.84246061515379,12.8605061031689,0.813024555871201,16.2005369656218,-261.668331100641,0
9.8624656164041,12.8613126420606,0.811186343963173,16.3872622325767,-261.491322423254,0
9.88247061765441,12.8621027099277,0.809348019134077,16.5736732452553,-261.31395989943,0
9.90247561890473,12.8628766431393,0.807509583689972,16.7597690803834,-261.136244288537,0
9.92248062015504,12.8636347711949,0.805671039889823,16.9455488219512,-260.958176348467,0
9.94248562140535,12.8643774168651,0.803832389946461,17.1310115610852,-260.779756835675,0
9.96249062265566,12.8651048963292,0.801993636027528,17.316156395923,-260.600986505223,0
9.98249562390598,12.8658175193093,0.8001547802564,17.5009824314907,-260.421866110813,0
10.0025006251563,12.8665155892023,0.798315824713087,17.6854887795827,-260.242396404833,0
10.0225056264066,12.8663767379374,0.796476888985725,17.8696628147391,-260.062589661931,1
10.0425106276569,12.8595931527328,0.794638922775168,18.053409067887,-259.88253962392,1
10.0625156289072,12.8472387703457,0.79280272234483,18.2366480191193,-259.702325621475,1
10.0825206301575,12.8376746378397,0.790967888822831,18.4194197480892,-259.521910023081,1
10.1025256314079,12.8190408521005,0.789135718582217,18.6015955412857,-259.341421954897,1
10.1225306326582,12.805858222164,0.787305432430528,18.7832535464704,-259.160786559447,1
10.1425356339085,12.7852850249477,0.785478086779933,18.9642895428328,-258.98010994599,1
10.1625406351588,12.7777052636451,0.783651824502006,19.1448880231892,-258.799210211069,1
10.1825456364091,12.7742987082269,0.781826049049991,19.3251078593021,-258.618029348545,1
10.2025506376594,12.7606019336996,0.780002231251089,19.5048038745406,-258.436714523155,1
10.2225556389097,12.7544172802947,0.778179297444796,19.6840820194542,-258.255160357596,1
10.24256064016,12.7542758009135,0.776356383755543,19.8630269984468,-258.073281755451,1
10.2625656414104,12.7358723289937,0.774536100451,20.041382604368,-257.891340367396,1
10.2825706426607,12.7260577795377,0.772717219823326,20.21926972297,-257.709215244559,1
10.302575643911,12.7049050229577,0.770901362566123,20.3965303613152,-257.527070343488,1
10.3225806451613,12.6992098266893,0.769086319184637,20.5733808045141,-257.344685787298,1
10.3425856464116,12.6735468716905,0.767274943755098,20.7495434987052,-257.162350050922,1
10.3625906476619,12.6599018460632,0.765465518596882,20.9251864590653,-256.97989232028,1
10.3825956489122,12.6538965449353,0.763656951708553,21.100415937032,-256.797203872725,1
10.4026006501625,12.6405003614944,0.761850299495329,21.2751297289339,-256.614392709093,1
10.4226056514129,12.629624487532,0.760045201703058,21.4493630780477,-256.431423904642,1
10.4426106526632,12.6161641963812,0.758242027777733,21.6230806690841,-256.248336372202,1
10.4626156539135,12.6125556726493,0.756439369650241,21.7964182590652,-256.064988372665,1
10.4826206551638,12.6168976975576,0.754636090906485,21.969484578017,-255.881264936596,1
10.5026256564141,12.6157408382807,0.752832977506328,22.1422034890787,-255.697246602014,1
10.5226306576644,12.613050366198,0.751030248597481,22.3145536193353,-255.512956501715,1
10.5426356589147,12.6038270988067,0.749228838002291,22.4864455258435,-255.328491067082,1
10.562640660165,12.6070774133601,0.747426962825211,22.658049075885,-255.143668607954,1
10.5826456614154,12.6061223061021,0.745625224194552,22.8293063304252,-254.958551259911,1
10.6026506626657,12.6108195519576,0.743822814165509,23.0002934311181,-254.773056522018,1
10.622655663916,12.6079728784542,0.742020811000406,23.1709074317546,-254.587295872631,1
10.6426606651663,12.6053254803208,0.740219186215691,23.3411506952116,-254.401267180855,1
10.6626656664166,12.6019192134382,0.738418048251918,23.5110126771037,-254.214982481051,1
10.6826706676669,12.5942988666555,0.736617999424246,23.6804364540945,-254.028505065124,1
10.7026756689172,12.5853986616276,0.73481922266481,23.8494049149819,-253.841855083845,1
10.7226806701675,12.5771300860571,0.733021627716947,24.0179266657691,-253.655024386347,1
10.7426856714179,12.5722382190993,0.731224731934965,24.1860469538583,-253.467963904818,1
10.7626906726682,12.5641308568703,0.729428994836745,24.3537228028798,-253.28072258239,1
10.7826956739185,12.5455213929837,0.727635917561219,24.5208144999613,-253.093458437222,1
10.8027006751688,12.5369938902242,0.725844059107834,24.6874568988184,-252.906022567214,1
10.8227056764191,12.5331223666345,0.724052754013204,24.8537118532163,-252.718346409806,1
10.8427106776694,12.5320606457598,0.722261600646989,25.0196163284942,-252.530388685589,1
10.8627156789197,12.527022704795,0.720471167309514,25.1851174022914,-252.34220985186,1
10.88272068017,12.5187161110892,0.718681921223235,25.3501718629943,-252.153860063919,1
10.9027256814204,12.5148813160096,0.716893223224225,25.5148386528201,-251.965273087949,1
10.9227306826707,12.5083299092521,0.715105461514003,25.6790819742487,-251.776490863605,1
10.942735683921,12.4908690702735,0.713320195493547,25.8427589047198,-251.587679414854,1
10.9627406851713,12.4885821312355,0.711535256324705,26.0060686290815,-251.398610714634,1
10.9827456864216,12.4852532116642,0.709750792974072,26.1689971986334,-251.209301318159,1
11.0027506876719,12.4863928751404,0.707966166706482,26.331602541376,-251.019684176708,1
11.0227556889222,12.4825315688243,0.706182092326885,26.4938190964165,-250.829835915787,1
11.0427606901725,12.4790920322165,0.704398509509239,26.6556521587291,-250.639750998823,1
11.0627656914229,12.4682213431935,0.702616480352461,26.8170054299597,-250.449543721291,1
11.0827706926732,12.4540775697575,0.700836472834606,26.9778369333372,-250.259265408314,1
11.1027756939235,12.4603081420644,0.699055574723762,27.1384097550013,-250.0686057455,1
11.1227806951738,12.4513591622908,0.697275955632487,27.2985278342407,-249.877797669091,1
11.1427856964241,12.4374943948695,0.695498318117087,27.4581284096928,-249.686917912798,1
11.1627906976744,12.4162341780389,0.693723719310634,27.6171174149784,-249.496081721195,1
11.1827956989247,12.4097723544863,0.691950044111576,27.775684998875,-249.305063205538,1
11.202800700175,12.4092116639281,0.690176448971704,27.9339064455876,-249.113772426559,1
11.2228057014254,12.395777319234,0.688404773963207,28.0916176166171,-248.922408868086,1
11.2428107026757,12.386708426633,0.686634395174321,28.2488744640516,-248.730906488954,1
11.262815703926,12.3862237511722,0.684864085707655,28.4057858629833,-248.539133494167,1
11.2828207051763,12.3931099557189,0.683092791985736,28.562444500858,-248.346976186618,1
11.3028257064266,12.3935720255856,0.681321432235255,28.7187683381549,-248.154534506713,1
11.3228307076769,12.3959056594024,0.679549738935877,28.8747803948505,-247.961779914912,1
11.3428357089272,12.3946753566694,0.677778221428127,29.0304353091137,-247.768768413739,1
11.3628407101775,12.3853120694724,0.676008042188064,29.1856308476413,-247.575627582725,1
11.3828457114279,12.3774650868458,0.674238984455653,29.3403862678168,-247.382334971384,1
11.4028507126782,12.3651222858192,0.672471690832473,29.494645685642,-247.188962048891,1
11.4228557139285,12.3537381937772,0.670706024286136,29.64842156937,-246.995495214581,1
11.4428607151788,12.3429801693105,0.668941895373297,29.8017221227285,-246.801925981377,1
11.4628657164291,12.3378810189671,0.667178495248858,29.9546178450594,-246.608166747135,1
11.4828707176794,12.3318863572759,0.665415951949927,30.107097590083,-246.414232522681,1
11.5028757189297,12.3291135159877,0.663653804870756,30.2592011790404,-246.220073581392,1
11.52288072018,12.3138195908661,0.661893843777673,30.410774283577,-246.025888222096,1
11.5428857214304,12.3124284329601,0.660134081469439,30.5619883643785,-245.831458403471,1
11.5628907226807,12.3031505544973,0.658375645207327,30.7127465032638,-245.63690959602,1
11.582895723931,12.2948670186359,0.656618392916159,30.863061119316,-245.442227228659,1
11.6029007251813,12.2928032988739,0.654861435563562,31.0130082680329,-245.247313773623,1
11.6229057264316,12.2880820041125,0.653105153028023,31.162555321026,-245.052212171659,1
11.6429107276819,12.2843744161571,0.651349400303947,31.3117145973347,-244.856907248001,1
11.6629157289322,12.2668929319501,0.649596146216601,31.4603191427276,-244.661619195414,1
11.6829207301825,12.2607097041026,0.647843775783765,31.6085064899148,-244.46616956921,1
11.7029257314329,12.2436659276044,0.646093841468084,31.7561457340256,-244.270732753153,1
11.7229307326832,12.2482810881033,0.644343247577982,31.9034981705127,-244.07496404352,1
11.7429357339335,12.2570797386128,0.642591395989984,32.050613260959,-243.878796826541,1
11.7629407351838,12.2463617472068,0.640841076423041,32.1972561697498,-243.68254400329,1
11.7829457364341,12.2573616234951,0.639089184626392,32.3436866514026,-243.485858211267,1
11.8029507376844,12.2578976646489,0.63733721621808,32.4897787155757,-243.288907571699,1
11.8229557389347,12.2587735456504,0.63558512262226,32.6355359075238,-243.091687186151,1
11.842960740185,12.2604483290515,0.633832789694799,32.7809671409843,-242.894184712476,1
11.8629657414354,12.266879835884,0.632079537491572,32.9261281144742,-242.696323911897,1
11.8829707426857,12.2642601707878,0.630326659659963,33.0709111110617,-242.498251264887,1
11.902975743936,12.2556975118742,0.628575005702403,33.2152459296003,-242.300063672097,1
11.9229807451863,12.2571803356017,0.626823139882594,33.3592507167818,-242.101599507457,1
11.9429857464366,12.2659182873656,0.625070025036885,33.503009999463,-241.902741674673,1
11.9629907476869,12.2532559506025,0.623318720044738,33.6462725146277,-241.703837765221,1
11.9829957489372,12.2539587725847,0.62156731462061,33.7891946414174,-241.504671827187,1
12.0030007501875,12.2581867241773,0.619815304929839,33.9318168478423,-241.305187027201,1
12.0230057514379,12.2642446195289,0.618062429383889,34.074159579603,-241.105353899145,1
12.0430107526882,12.2671497237433,0.616309138660602,34.2161853752938,-240.905224131578,1
12.0630157539385,12.2718208843244,0.614555180164776,34.3579140574429,-240.704769363257,1
12.0830207551888,12.2558606488124,0.612803502869247,34.4991072367862,-240.504327477972,1
12.1030257564391,12.2509500137815,0.611052527414629,34.6398927399926,-240.303719041608,1
12.1230307576894,12.2448138182166,0.609302429019837,34.7802564849187,-240.102965051206,1
12.1430357589397,12.2461315582603,0.607552142328797,34.9202836919433,-239.901944058803,1
12.16304076019,12.2541261114383,0.605800713011022,35.0600499080708,-239.700546816012,1
12.1830457614404,12.2619933304477,0.604048159260109,35.1995525717561,-239.498775560119,1
12.2030507626907,12.269562009282,0.602294523770885,35.3387871706804,-239.296635352488,1
12.223055763941,12.2775411372133,0.600539747761676,35.4777573508914,-239.094119630395,1
12.2430607651913,12.2711733092989,0.598785881908173,35.6163001238668,-238.891465573759,1
12.2630657664416,12.2715924724804,0.597031956224074,35.7544919098459,-238.688561881203,1
12.2830707676919,12.2831311055823,0.595276381336052,35.8924570690114,-238.485225009837,1
12.3030757689422,12.2874209695023,0.593520193261396,36.0301130816762,-238.28157512127,1
12.3230807701925,12.2833403037705,0.591764588421993,36.1673656947939,-238.077751548461,1
12.3430857714429,12.2798104020422,0.590009488097465,36.3042209736264,-237.873746005223,1
12.3630907726932,12.2761687224024,0.58825490825142,36.4406775740029,-237.669561191597,1
12.3830957739435,12.2718431194574,0.58650094668108,36.5767277863063,-237.465209328519,1
12.4031007751938,12.2738205938385,0.584746702507498,36.7124411784622,-237.260586156712,1
12.4231057764441,12.2796719246512,0.582991622010874,36.8478598585186,-237.055627511032,1
12.4431107776944,12.2820585770528,0.581236200372521,36.9829448473958,-236.85039161543,1
12.4631157789447,12.2795009001858,0.579481144266339,37.1176413543287,-236.644961726971,1
12.483120780195,12.2738366992248,0.577726897747283,37.2519152097704,-236.439390668441,1
12.5031257814454,12.2725864820552,0.575972829925914,37.3858146070795,-236.233605349236,1
12.5231307826957,12.2732372187122,0.574218669113887,37.5193598956667,-236.027574542635,1
12.543135783946,12.2766814718524,0.572464016041495,37.6525808833101,-235.821251872295,1
12.5631407851963,12.281069740309,0.570708735742892,37.7854870896543,-235.614621898412,1
12.5831457864466,12.2812195165125,0.568953434046973,37.9180320047697,-235.407756428001,1
12.6031507876969,12.2823256323706,0.567197974241686,38.0502255063426,-235.200639962863,1
12.6231557889472,12.2817684426725,0.565442594104694,38.1820492231307,-234.993301158036,1
12.6431607901976,12.2862732482238,0.563686570127536,38.3135569199961,-234.785655091703,1
12.6631657914479,12.2920700162283,0.56192971762448,38.4447615855389,-234.577680288845,1
12.6831707926982,12.2928585669761,0.560172752338977,38.5756091101481,-234.369461961032,1
12.7031757939485,12.2824722557273,0.558417271540535,38.7059804979542,-234.161190270548,1
12.7231807951988,12.2777573897127,0.556662464732608,38.8359361440006,-233.952770080806,1
12.7431857964491,12.2880250267332,0.554906190342108,38.9656341299546,-233.743947605301,1
12.7631907976994,12.2865223799784,0.553150130686602,39.0949493983461,-233.534923254431,1
12.7831957989497,12.2817681392493,0.551394750585625,39.2238475433612,-233.325753137589,1
12.8032008002001,12.2830157377826,0.549639192114511,39.3523913982502,-233.116335813295,1
12.8232058014504,12.2768656400801,0.547884512681443,39.4805033012061,-232.906798160187,1
12.8432108027007,12.2764226525068,0.54612989660316,39.6082427014883,-232.697043594947,1
12.863215803951,12.2826078352273,0.544374396528467,39.7356779270954,-232.486959362611,1
12.8832208052013,12.2909078161324,0.54261771011838,39.8628299366195,-232.276509567574,1
12.9032258064516,12.2929959181681,0.5408607253297,39.989633512879,-232.065800901396,1
12.9232308077019,12.30396929759,0.539102172143694,40.116179392242,-231.854681387182,1
12.9432358089522,12.3127054576013,0.537342370358269,40.2424432490909,-231.643189517985,1
12.9632408102026,12.3221188416605,0.535581223067961,40.3684309023212,-231.431313859008,1
12.9832458114529,12.3173408481106,0.533820758637356,40.4939966105767,-231.21929894253,1
13.0032508127032,12.3085365771743,0.532061552616803,40.6190994855901,-231.007215066699,1
13.0232558139535,12.3072772679643,0.530302526576732,40.743816331359,-230.794933172002,1
13.0432608152038,12.3064064986058,0.528543625042561,40.8681507510626,-230.582447253513,1
13.0632658164541,12.3124075019288,0.526783865796573,40.9921716038623,-230.369639201451,1
13.0832708177044,12.315837490956,0.525023616298864,41.1158521812037,-230.156553862513,1
13.1032758189547,12.3128858540113,0.523263788531122,41.2391280826803,-229.943302330752,1
13.1232808202051,12.2935651332941,0.52150672229378,41.3618358724988,-229.730169287334,1
13.1432858214554,12.2886892393064,0.519750352936094,41.4841205470734,-229.516905631595,1
13.1632908227057,12.2836850420271,0.517994698856987,41.6059808563733,-229.303514489651,1
13.183295823956,12.2863745240681,0.516238660401193,41.727492879709,-229.089862935169,1
13.2033008252063,12.2910266399499,0.514481957010603,41.8486753534816,-228.875917320388,1
13.2233058264566,12.2932955463215,0.512724929391551,41.9695040230949,-228.66171958552,1
13.2433108277069,12.2999487799909,0.510966950725724,42.0900213437365,-228.447193820549,1
13.2633158289572,12.2892505485034,0.509210501141767,42.2100569921732,-228.232643377651,1
13.2833208302076,12.2832720997675,0.507454906049702,42.3296574749628,-228.017986951843,1
13.3033258314579,12.2820082827936,0.505699491667173,42.4488686155679,-227.803142983878,1
13.3233308327082,12.2867327942787,0.503943401855196,42.567748209174,-227.58800736563,1
13.3433358339585,12.2706470697554,0.502189611241188,42.6860948222366,-227.372945342698,1
13.3633408352088,12.2708285697426,0.500435794593048,42.8040658948871,-227.157672934898,1
13.3833458364591,12.2583477724941,0.498683761783457,42.921539815101,-226.942413226203,1
13.4033508377094,12.2487614899639,0.496933099142573,43.0385449552666,-226.727116596866,1
13.4233558389597,12.2476342991972,0.49518259769564,43.1551622191226,-226.511635278328,1
13.4433608402101,12.2557805233357,0.493430931831611,43.2714793808523,-226.295806655476,1
13.4633658414604,12.2485302461559,0.491680302225524,43.3873498238613,-226.079902473484,1
13.4833708427107,12.2418451127481,0.489930628081344,43.5027792019128,-225.86391378434,1
13.503375843961,12.2366392762522,0.48818169811321,43.6177815479795,-225.647815406627,1
13.5233808452113,12.2478351733238,0.486431167917606,43.7325105157099,-225.431318246071,1
13.5433858464616,12.2506688821569,0.484680232641289,43.84688679126,-225.21457043979,1
13.5633908477119,12.2441950212167,0.482930222661748,43.9608232268297,-224.997737395057,1
13.5833958489622,12.2423998939444,0.481180469341574,44.0743633370045,-224.780737103778,1
13.6034008502126,12.2495873274315,0.479429688635308,44.1875899927001,-224.563410933075,1
13.6234058514629,12.2430975472104,0.47767983556941,44.3003762340561,-224.346002135219,1
13.6434108527132,12.2464369086087,0.475929505164045,44.4128125230169,-224.128336945839,1
13.6634158539635,12.239842372897,0.474180117219248,44.5248074698707,-223.910592674262,1
13.6834208552138,12.2244713551989,0.472432926203791,44.6362813861905,-223.692926624618,1
13.7034258564641,12.2158670584713,0.47068696512619,44.7472966404088,-223.475219512789,1
13.7234308577144,12.2259625708259,0.46893956102016,44.8580229863509,-223.257138775126,1
13.7434358589647,12.2211809616683,0.467192840379557,44.9683249667576,-223.038950279957,1
13.7634408602151,12.2247362395879,0.46544561165174,45.0782775444376,-222.820505881045,1
13.7834458614654,12.2359562603886,0.46369677931216,45.1879486583456,-222.601668944388,1
13.8034508627157,12.2476475242099,0.46194627592456,45.2973411876981,-222.382431192292,1
13.823455863966,12.2482334546072,0.460195688713517,45.4063550412241,-222.162991800664,1
13.8434608652163,12.2411172604113,0.458446118692238,45.5149214972658,-221.943489542836,1
13.8634658664666,12.2446266003245,0.456696046983849,45.6231348003431,-221.723734693081,1
13.8834708677169,12.2362123817312,0.454947177993447,45.7308892994418,-221.503941978681,1
13.9034758689672,12.2397165701413,0.453197808065769,45.8382900164536,-221.28389814994,1
13.9234808702176,12.233119075631,0.451449381198334,45.9452479653901,-221.063785510071,1
13.9434858714679,12.2396311541001,0.449700023539109,46.0518775680012,-220.843368887697,1
13.9634908727182,12.2405803679652,0.447950530244327,46.1581296198024,-220.622748946902,1
13.9834958739685,12.2471118928648,0.446200103477452,46.2640518826048,-220.401825575099,1
14.0035008752188,12.2577411842678,0.444448157419749,46.3696787721342,-220.180525172571,1
14.0235058764691,12.2565072146376,0.442696387738737,46.4749072101788,-219.959062360715,1
14.0435108777194,12.2584313766791,0.440944343107806,46.5797639143793,-219.737380728283,1
14.0635158789697,12.2690262295196,0.439190784217706,46.6843221706132,-219.515323883857,1
14.0835208802201,12.2815574969049,0.437435434275648,46.7885970819676,-219.292856951233,1
14.1035258814704,12.2882498575732,0.435679127671504,46.8925379470887,-219.070085981168,1
14.1235308827207,12.2783295074062,0.43392423905668,46.9960038678225,-218.847312842201,1
14.143535883971,12.2816840106143,0.43216887092754,47.0991068497042,-218.624297553014,1
14.1635408852213,12.2760678555327,0.430414305495246,47.2017713176537,-218.401203726966,1
14.1835458864716,12.2720730089863,0.428660311068006,47.304010946622,-218.178002791124,1
14.2035508877219,12.2700673003795,0.42690660319846,47.4058423984644,-217.954659416735,1
14.2235558889722,12.256514398911,0.425154832481714,47.5071701108461,-217.731384772612,1
14.2435608902226,12.2548441258393,0.423403300473949,47.6080928260267,-217.507963434769,1
14.2635658914729,12.2519338705272,0.421652184445643,47.7086002063911,-217.284418784944,1
14.2835708927232,12.2529587208494,0.419900921945627,47.8087243337995,-217.060679755698,1
14.3035758939735,12.2538535505715,0.418149531520526,47.9084637756897,-216.83674937348,1
14.3235808952238,12.250245163123,0.416398656807931,48.007781693223,-216.612710673439,1
14.3435858964741,12.244473702925,0.414648606993719,48.1066606739944,-216.388604095932,1
14.3635908977244,12.2407788786727,0.412899085299856,48.2051176185608,-216.16439251504,1
14.3835958989747,12.2379223427535,0.411149971747837,48.3031594141652,-215.940061432575,1
14.4036009002251,12.2225986849158,0.409403048490029,48.4006865354876,-215.715840394667,1
14.4236059014754,12.2265134282494,0.407655565718513,48.4978528567265,-215.491377429205,1
14.4436109027257,12.2291985304011,0.405907699116532,48.5946480421459,-215.266695670723,1
14.463615903976,12.2236396478078,0.40416062700145,48.6910066510026,-215.041947320175,1
14.4836209052263,12.2128105206523,0.402415102549755,48.7868876943576,-214.817230316414,1
14.5036259064766,12.1963686448438,0.400671928302341,48.8822478643543,-214.592649117983,1
14.5236309077269,12.207236910097,0.398927200600919,48.9773009367253,-214.367701702283,1
14.5436359089772,12.2051150722939,0.397182776150869,49.0719449839526,-214.142627932857,1
14.5636409102276,12.2041243723477,0.395438493399493,49.1661885478575,-213.917407677893,1
14.5836459114779,12.2132658768018,0.393692903994957,49.2601093492681,-213.691854510057,1
14.6036509127282,12.2115206766501,0.391947564072742,49.3536229100106,-213.466169995535,1
14.6236559139785,12.2153066139035,0.390201683023619,49.4467712562546,-213.240252570688,1
14.6436609152288,12.2172074985364,0.388455530308108,49.5395394240098,-213.014137667146,1
14.6636659164791,12.2224673086326,0.386708625866596,49.631952274717,-212.787763662597,1
14.6836709177294,12.2326833803237,0.384960261303135,49.7240462637622,-212.561039149244,1
14.7036759189797,12.2429327208772,0.383210431771307,49.815820437901,-212.333963814942,1
14.7236809202301,12.2415970186111,0.38146079306248,49.9071872471036,-212.106753053247,1
14.7436859214804,12.2317584834174,0.379712560597943,49.9980833766365,-211.879565570411,1
14.7636909227307,12.2310104290471,0.377964435086524,50.0885766391925,-211.652233429843,1
14.783695923981,12.2306510090979,0.376216360796044,50.1786698353069,-211.424750154791,1
14.8037009252313,12.2147590787914,0.374470557974838,50.2682488660984,-211.197405607826,1
14.8237059264816,12.2136368331246,0.372724915619038,50.3574226327652,-210.96992591838,1
14.8437109277319,12.2178382266677,0.370978672668704,50.4462297207851,-210.7422125959,1
14.8637159289822,12.2097354312111,0.369233587848473,50.5345805044783,-210.514495708673,1
14.8837209302326,12.2075105182616,0.367488821092545,50.6225177244283,-210.286666515912,1
14.9037259314829,12.212478440007,0.365743344256267,50.7100928748097,-210.058591435947,1
14.9237309327332,12.2122857965699,0.363997894930025,50.7972684389514,-209.830367448087,1
14.9437359339835,12.2112246824813,0.362252597336398,50.8840379372709,-209.602011486565,1
14.9637409352338,12.2200964677987,0.360506031777419,50.9704713280054,-209.373338357066,1
14.9837459364841,12.2312890738441,0.358757866414237,51.0565838852889,-209.144304976196,1
15.0037509377344,12.2311972238468,0.357009714181169,51.1422952789344,-208.915123127699,1
15.0237559389847,12.2296650468484,0.355261780873724,51.2275952845346,-208.685820539112,1
15.0437609402351,12.2208566953678,0.353515106513341,51.3124333448182,-208.456534515568,1
15.0637659414854,12.2143091508445,0.351769368013649,51.3968256179702,-208.227223613334,1
15.0837709427357,12.215194583003,0.3500235030195,51.4808234751967,-207.997749086872,1
15.103775943986,12.2175348489118,0.348277303349859,51.5644367024089,-207.768084281698,1
15.1237809452363,12.1991984974191,0.346533724499689,51.6475241096497,-207.538618823275,1
15.1437859464866,12.1915562588524,0.344791237942996,51.7301596084685,-207.309152726609,1
15.1637909477369,12.1867639053419,0.343049436346934,51.8123628852078,-207.079633270728,1
15.1837959489872,12.1844183863441,0.341307970029246,51.8941505199885,-206.850015191112,1
15.2038009502376,12.1817470807335,0.339566885312381,51.9755205152445,-206.620305443159,1
15.2238059514879,12.1608971241082,0.337828780781539,52.0563520480441,-206.390847873947,1
15.2438109527382,12.1636161461401,0.336090287657858,52.1368025568439,-206.161198803865,1
15.2638159539885,12.171058613472,0.334350730876064,52.2169025102476,-205.93126956887,1
15.2838209552388,12.1834463345958,0.332609403486361,52.2966833491479,-205.70096711978,1
15.3038259564891,12.1852305687576,0.330867821062908,52.3760746473895,-205.470492340411,1
15.3238309577394,12.1838423807605,0.329126437022122,52.4550554784855,-205.239905927364,1
15.3438359589897,12.1774780462336,0.327385962536102,52.5335937659114,-205.009302892864,1
15.3638409602401,12.1673317862717,0.325646938379725,52.6116655065851,-204.778755802117,1
15.3838459614904,12.1734915012425,0.323907033714951,52.6893755219083,-204.54795648916,1
15.4038509627407,12.1660465530824,0.322168193171922,52.7666366569151,-204.317163585697,1
15.423855963991,12.1652798893527,0.320429462244135,52.8434915014544,-204.086251238427,1
15.4438609652413,12.165740202854,0.318690665404924,52.9199477161924,-203.855196879186,1
15.4638659664916,12.1537971978315,0.31695357558983,52.9959275454132,-203.624236939618,1
15.4838709677419,12.1467641001408,0.315217490901302,53.0714625087445,-203.393279138786,1
15.5038759689922,12.1340764531545,0.313483219750037,53.1465180105881,-203.162431981813,1
15.5238809702426,12.1364795502975,0.311748605062908,53.2211878499488,-202.931409256455,1
15.5438859714929,12.133104030716,0.310014472915163,53.2954361695026,-202.700321653983,1
15.5638909727432,12.1385381847308,0.308279564024655,53.3693166752968,-202.469002063941,1
15.5838959739935,12.1367437847186,0.306544911601134,53.4427849183195,-202.237588869591,1
15.6039009752438,12.1349021367782,0.304810522389929,53.5158405778823,-202.006083726181,1
15.6239059764941,12.133910161653,0.303076275014463,53.5884886401493,-201.774471158478,1
15.6439109777444,12.1412432185911,0.301340979619238,53.6607784107727,-201.542592855958,1
15.6639159789947,12.1534155821793,0.299603944396992,53.732737630821,-201.31035680617,1
15.6839209802451,12.1547077434611,0.297866724447078,53.8043009618954,-201.077971404052,1
15.7039259814954,12.1526029642321,0.296129805385942,53.8754481445528,-200.845502299006,1
15.7239309827457,12.1571707583431,0.294392233455062,53.9462179659038,-200.612822521779,1
15.743935983996,12.1618484044467,0.292653993032424,54.0166103285321,-200.379930524891,1
15.7639409852463,12.1700836717681,0.290914575444564,54.0866451224507,-200.146758709083,1
15.7839459864966,12.1668057289512,0.289175626494135,54.1562554212948,-199.913528266904,1
15.8039509877469,12.179242228779,0.287434900059537,54.2255305614934,-199.679938542662,1
15.8239559889973,12.1906288228845,0.285692546106206,54.2944632418435,-199.446010034812,1
15.8439609902476,12.1898101333381,0.283950309061617,54.3629837245973,-199.21197750778,1
15.8639659914979,12.1802879105666,0.2822094330935,54.4310432318306,-198.97800890492,1
15.8839709927482,12.183032171521,0.280468164908124,54.4987105157433,-198.743869419114,1
15.9039759939985,12.1864758402065,0.278726404526388,54.5659889576482,-198.509546230282,1
15.9239809952488,12.1902499855312,0.27698410476518,54.6328797754512,-198.275033586764,1
15.9439859964991,12.1963708411128,0.275240930088116,54.6993952491003,-198.040286923627,1
15.9639909977494,12.1937965088338,0.273498123394035,54.7654874720629,-197.805474251128,1
15.9839959989998,12.197598006591,0.2717547734163,54.8311907370756,-197.570473487785,1
16.0040010002501,12.2052984160944,0.270010322799393,54.8965253462854,-197.335210076577,1
16.0240060015004,12.2095001989611,0.268265271726621,54.9614716622627,-197.099751994122,0
16.0440110027507,12.2233976890655,0.266518234345433,55.0260802164895,-196.863912732412,0
16.064016004001,12.2372110133282,0.26476922268355,55.0903489671935,-196.627694251448,0
16.0840210052513,12.2507463186201,0.263018276477024,55.1542748726593,-196.391102263674,0
16.1040260065016,12.2640052908621,0.261265435220979,55.217854935879,-196.154142463869,0
16.1240310077519,12.2769934918167,0.259510737615623,55.2810862243479,-195.916820454013,0
16.1440360090022,12.2897164494763,0.25775422157107,55.3439658691036,-195.679141743569,0
16.1640410102526,12.3021795805702,0.255995924223242,55.4064910633718,-195.441111751265,0
16.1840460115029,12.3143881912414,0.25423588194968,55.4686590612321,-195.202735806873,0
16.2040510127532,12.3263474792722,0.252474130385024,55.5304671763115,-194.964019152956,0
16.2240560140035,12.3380625362963,0.25071070443619,55.5919127805049,-194.724966946577,0
16.2440610152538,12.349538349967,0.248945638297229,55.6529933027225,-194.485584260974,0
16.2640660165041,12.3607798060801,0.247178965463887,55.713706227664,-194.245876087205,0
16.2840710177544,12.3717916906548,0.245410718747863,55.7740490946171,-194.005847335757,0
16.3040760190048,12.3825786919704,0.243640930290779,55.8340194962828,-193.765502838125,0
16.3240810202551,12.393145402563,0.241869631577867,55.8936150776247,-193.524847348363,0
16.3440860215054,12.4034963211806,0.240096853451372,55.9528335347424,-193.283885544592,0
16.3640910227557,12.4136358546982,0.238322626123681,56.0116726137694,-193.042622030497,0
16.384096024006,12.4235683199944,0.236546979190189,56.0701301097939,-192.801061336778,0
16.4041010252563,12.4332979457887,0.234769941641898,56.1282038658021,-192.559207922583,0
16.4241060265066,12.4428288744428,0.232991541877758,56.1858917716451,-192.317066176903,0
16.4441110277569,12.4521651637232,0.231211807716761,56.2431917630266,-192.074640419951,0
16.4641160290073,12.4613107885295,0.229430766409783,56.3001018205128,-191.831934904507,0
16.4841210302576,12.4702696425862,0.227648444651185,56.3566199685634,-191.588953817233,0
16.5041260315079,12.4790455401009,0.225864868590182,56.4127442745831,-191.345701279972,0
16.5241310327582,12.4876422173879,0.22408006384197,56.4684728479938,-191.102181351014,0
16.5441360340085,12.4960633344588,0.222294055498637,56.5238038393261,-190.858398026339,0
16.5641410352588,12.5043124765812,0.220506868139843,56.5787354393311,-190.614355240837,0
16.5841460365091,12.5123931558048,0.218718525843286,56.6332658781106,-190.3700568695,0
16.6041510377594,12.5203088124565,0.216929052194953,56.6873934242663,-190.125506728598,0
16.6241560390098,12.5280628166054,0.21513847029916,56.7411163840676,-189.880708576825,0
16.6441610402601,12.5356584694977,0.213346802788388,56.7944331006372,-189.635666116423,0
16.6641660415104,12.5430990049617,0.211554071832925,56.8473419531539,-189.390382994289,0
16.6841710427607,12.550387590785,0.209760299150297,56.8998413560735,-189.144862803059,0
16.704176044011,12.5575273300631,0.207965506014517,56.9519297583658,-188.899109082163,0
16.7241810452613,12.5645212625205,0.206169713265147,57.003605642769,-188.653125318869,0
16.7441860465116,12.5713723658048,0.204372941316162,57.0548675250594,-188.406914949305,0
16.7641910477619,12.5780835567545,0.202575210164647,57.1057139533377,-188.160481359456,0
16.7841960490123,12.5846576926407,0.20077653939931,57.1561435073306,-187.913827886142,0
16.8042010502626,12.591097572384,0.19897694820882,57.2061547977075,-187.666957817987,0
16.8242060515129,12.5974059377455,0.197176455389978,57.2557464654128,-187.419874396355,0
16.8442110527632,12.6035854744946,0.195375079355719,57.3049171810117,-187.172580816274,0
16.8642160540135,12.6096388135521,0.193572838142952,57.3536656440515,-186.925080227346,0
16.8842210552638,12.6155685321108,0.191769749420237,57.4019905824361,-186.677375734633,0
16.9042260565141,12.621377154732,0.189965830495313,57.4498907518145,-186.429470399526,0
16.9242310577644,12.6270671544211,0.188161098322457,57.4973649349831,-186.181367240605,0
16.9442360590148,12.6326409536799,0.186355569509714,57.5444119413004,-185.933069234467,0
16.9642410602651,12.6381009255383,0.184549260325956,57.5910306061153,-185.684579316557,0
16.9842460615154,12.6434493945645,0.182742186707819,57.6372197902078,-185.435900381963,0
17.0042510627657,12.6486886378546,0.18093436426648,57.6829783792417,-185.187035286214,0
17.024256064016,12.6538208860021,0.179125808294307,57.7283052832301,-184.937986846047,0
17.0442610652663,12.6588483240478,0.177316533771372,57.773199436012,-184.688757840171,0
17.0642660665166,12.6637730924098,0.175506555371823,57.8176597947414,-184.439351010006,0
17.0842710677669,12.6685972877949,0.173695887470135,57.8616853393862,-184.189769060414,0
17.1042760690173,12.673322964091,0.171884544147231,57.9052750722403,-183.940014660417,0
17.1242810702676,12.6779521332421,0.170072539196473,57.9484280174448,-183.690090443893,0
17.1442860715179,12.6824867661045,0.168259886129539,57.9911432205207,-183.439999010269,0
17.1642910727682,12.6869287932856,0.166446598182171,58.0334197479117,-183.18974292519,0
17.1842960740185,12.6912801059666,0.164632688319814,58.0752566865378,-182.939324721181,0
17.2043010752688,12.6955425567071,0.162818169243135,58.1166531433577,-182.688746898299,0
17.2243060765191,12.6997179602339,0.161003053393428,58.1576082449423,-182.438011924764,0
17.2443110777694,12.7038080942138,0.159187352957913,58.1981211370564,-182.187122237582,0
17.2643160790198,12.7078147000102,0.157371079874926,58.2381909842515,-181.936080243159,0
17.2843210802701,12.7117394834247,0.155554245838996,58.2778169694657,-181.684888317897,0
17.3043260815204,12.7155841154233,0.153736862305832,58.316998293634,-181.433548808781,0
17.3243310827707,12.7193502328476,0.151918940497194,58.3557341753072,-181.182064033958,0
17.344336084021,12.723039439112,0.150100491405673,58.3940238502785,-180.930436283299,0
17.3643410852713,12.726653304886,0.14828152579937,58.4318665712197,-180.678667818951,0
17.3843460865216,12.7301933687633,0.146462054226483,58.4692616073246,-180.426760875883,0
17.4043510877719,12.7336611379165,0.144642087019795,58.5062082439607,-180.174717662416,0
17.4243560890223,12.7370580887389,0.142821634301075,58.5427057823294,-179.922540360747,0
17.4443610902726,12.7403856674733,0.141000705985384,58.578753539133,-179.670231127456,0
17.4643660915229,12.7436452908272,0.139179311785303,58.6143508462497,-179.417792094012,0
17.4843710927732,12.7468383465766,0.137357461215061,58.6494970504156,-179.165225367264,0
17.5043760940235,12.7499661941564,0.135535163594589,58.6841915129145,-178.912533029921,0
17.5243810952738,12.7530301652392,0.13371242805349,58.7184336092739,-178.659717141025,0
17.5443860965241,12.7560315643025,0.131889263534919,58.752222728969,-178.406779736417,0
17.5643910977744,12.7589716691838,0.1300656787994,58.785558275132,-178.153722829191,0
17.5843960990248,12.761851731625,0.128241682428548,58.8184396642695,-177.900548410135,0
17.6044011002751,12.7646729778047,0.126417282828724,58.8508663259851,-177.647258448174,0
17.6244061015254,12.7674366088612,0.124592488234619,58.8828377027089,-177.393854890796,0
17.6444111027757,12.7701438014027,0.122767306712753,58.9143532494334,-177.140339664469,0
17.664416104026,12.7727957080094,0.120941746164916,58.9454124334545,-176.886714675058,0
17.6844211052763,12.7753934577233,0.119115814331526,58.9760147341197,-176.632981808225,0
17.7044261065266,12.7779381565293,0.117289518794927,59.0061596425809,-176.379142929824,0
17.7244311077769,12.7804308878263,0.11546286698262,59.0358466615533,-176.125199886295,0
17.7444361090273,12.7828727128878,0.11363586617042,59.06507530508,-175.871154505037,0
17.7644411102776,12.7852646713143,0.111808523485556,59.0938450983016,-175.617008594785,0
17.7844461115279,12.7876077814757,0.109980845909709,59.1221555772317,-175.362763945975,0
17.8044511127782,12.789903040945,0.108152840281976,59.1500062885366,-175.108422331102,0
17.8244561140285,12.7921514269227,0.106324513301793,59.1773967893209,-174.853985505075,0
17.8444611152788,12.794353896653,0.104495871531775,59.2043266469174,-174.599455205556,0
17.8644661165291,12.7965113878317,0.102666921400521,59.2307954386826,-174.344833153301,0
17.8844711177794,12.7986248190047,0.100837669205342,59.2568027517962,-174.090121052491,0
17.9044761190298,12.8006950899599,0.0990081211149497,59.2823481830652,-173.835320591058,0
17.9244811202801,12.8027230821095,0.0971782831720761,59.3074313387333,-173.580433441,0
17.9444861215304,12.8047096588657,0.0953481612960521,59.3320518342935,-173.325461258697,0
17.9644911227807,12.8066556660083,0.0935177612853223,59.3562092943064,-173.070405685215,0
17.984496124031,12.8085619320447,0.0916870888199177,59.3799033522212,-172.815268346606,0
18.0045011252813,12.8104292685626,0.0898561494638725,59.4031336502025,-172.560050854202,0
18.0245061265316,12.8122584705755,0.0880249486675916,59.4258998389593,-172.304754804905,0
18.0445111277819,12.8140503168612,0.0861934917701739,59.4482015775795,-172.049381781468,0
18.0645161290323,12.8158055702936,0.0843617840016828,59.4700385333674,-171.793933352773,0
18.0845211302826,12.8175249781672,0.0825298304853761,59.4914103816851,-171.538411074102,0
18.1045261315329,12.8192092725152,0.0806976362398833,59.5123168057979,-171.282816487404,0
18.1245311327832,12.8208591704215,0.0788652061813435,59.5327574967227,-171.027151121557,0
18.1445361340335,12.8224753743258,0.077032545125501,59.5527321530804,-170.771416492621,0
18.1645411352838,12.8240585723226,0.0751996577897517,59.5722404809518,-170.515614104092,0
18.1845461365341,12.8256094384542,0.0733665487951541,59.5912821937363,-170.259745447147,0
18.2045511377844,12.8271286329978,0.0715332226683976,59.6098570120144,-170.003812000886,0
18.2245561390348,12.8286168027464,0.0696996838437261,59.6279646634132,-169.747815232564,0
18.2445611402851,12.8300745812843,0.0678659366648291,59.6456048824753,-169.491756597831,0
18.2645661415354,12.8315025892568,0.066031985386689,59.6627774105301,-169.23563754095,0
18.2845711427857,12.8329014346347,0.0641978341773936,59.6794819955687,-168.979459495028,0
18.304576144036,12.8342717129725,0.0623634871199117,59.6957183921219,-168.723223882227,0
18.3245811452863,12.8356140076628,0.0605289482138296,59.7114863611401,-168.466932113985,0
18.3445861465366,12.8369288901838,0.0586942213770541,59.7267856698771,-168.210585591218,0
18.3645911477869,12.8382169203433,0.056859310447481,59.741616091776,-167.954185704534,0
18.3845961490373,12.8394786465169,0.0550242191846294,59.7559774063578,-167.697733834428,0
18.4046011502876,12.8407146058809,0.0531889512712433,59.7698693991129,-167.441231351483,0
18.4246061515379,12.841925324642,0.0513535103148565,59.7832918613948,-167.184679616563,0
18.4446111527882,12.8431113182603,0.0495178998493298,59.7962445903168,-166.928079981,0
18.4646161540385,12.8442730916697,0.0476821233363577,59.8087273886501,-166.671433786786,0
18.4846211552888,12.8454111394919,0.0458461841669392,59.8207400647259,-166.41474236675,0
18.5046261565391,12.8465259462479,0.0440100856628225,59.8322824323382,-166.158007044739,0
18.5246311577894,12.8476179865637,0.0421738310779215,59.8433543106498,-165.901229135795,0
18.5446361590398,12.8486877253725,0.0403374235996962,59.8539555241006,-165.644409946322,0
18.5646411602901,12.849735618113,0.0385008663505154,59.8640859023171,-165.387550774259,0
18.5846461615404,12.8507621109226,0.036664162388982,59.8737452800254,-165.130652909242,0
18.6046511627907,12.851767640828,0.0348273147112359,59.8829334969651,-164.873717632767,0
18.624656164041,12.8527526359308,0.0329903262522317,59.8916503978058,-164.61674621835,0
18.6446611652913,12.8537175155902,0.0311531998869861,59.8998958320655,-164.35973993168,0
18.6646661665416,12.8546626906011,0.0293159384318018,59.907669654031,-164.102700030771,0
18.6846711677919,12.8555885633693,0.0274785446454682,59.9149717226799,-163.845627766114,0
18.7046761690423,12.8564955280826,0.0256410212304344,59.9218019016046,-163.588524380819,0
18.7246811702926,12.857383970879,0.023803370833962,59.9281600589382,-163.331391110764,0
18.7446861715429,12.8582542700107,0.0219655960492489,59.9340460672822,-163.074229184731,0
18.7646911727932,12.8591067960051,0.0201276994165351,59.9394598036356,-162.817039824545,0
18.7846961740435,12.859941911823,0.0182896834241856,59.9444011493262,-162.55982424521,0
18.8047011752938,12.8607599730129,0.0164515505097473,59.9488699899427,-162.302583655039,0
18.8247061765441,12.8615613278619,0.0146133030609872,59.9528662152695,-162.045319255785,0
18.8447111777944,12.862346317545,0.0127749434169111,59.956389719222,-161.78803224277,0
18.8647161790448,12.8631152762694,0.0109364738687569,59.9594403997844,-161.530723805005,0
18.8847211802951,12.8638685314173,0.0090978966609715,59.9620181589481,-161.273395125315,0
18.9047261815454,12.864606403685,0.0072592139921665,59.9641229026522,-161.01604738046,0
18.9247311827957,12.8653292072198,0.0054204280160526,59.9657545407252,-160.758681741247,0
18.944736184046,12.8660372497534,0.0050196247271496,59.9670980165891,-160.501300263667,0
18.9647411852963,12.8667308327331,0.0092440428888046,59.9689338054885,-160.243908448726,0
18.9847461865466,12.8674102514499,0.0134240244279925,59.9718513398352,-159.986513017746,0
19.0047511877969,12.8680757951646,0.0175658462899317,59.9758400483214,-159.729118631655,0
19.0247561890473,12.8687277472308,0.0216751199297426,59.9808908677981,-159.471729843192,0
19.0447611902976,12.8693663852153,0.0257568557272039,59.986996081279,-159.21435111941,0
19.0647661915479,12.8699919810166,0.0298155213772094,59.9941491715023,-158.95698686081,0
19.0847711927982,12.8706048009804,0.0338550948154834,60.0023446886192,-158.699641417567,0
19.1047761940485,12.8712051060133,0.0378791121861965,60.0115781307031,-158.442319103276,0
19.1247811952988,12.8717931516935,0.0418907113104703,60.0218458358943,-158.185024206534,0
19.1447861965491,12.87236918838,0.0458926710718337,60.0331448851006,-157.927761000687,0
19.1647911977994,12.8729334613189,0.0498874470959847,60.0454730142725,-157.670533751969,0
19.1847961990498,12.873486210748,0.0538772040671701,60.0588285353609,-157.413346726277,0
19.2048012003001,12.8740276719988,0.0578638449918849,60.0732102651452,-157.156204194753,0
19.2248062015504,12.8745580755971,0.06184903769191,60.0886174611966,-156.899110438349,0
19.2448112028007,12.8750776473608,0.0658342387827364,60.1050497643033,-156.642069751512,0
19.264816204051,12.8755866084963,0.0698207153699058,60.1225071467518,-156.385086445109,0
19.2848212053013,12.8760851756925,0.0738095646744448,60.1409898659088,-156.128164848706,0
19.3048262065516,12.876573561213,0.077801731779182,60.1604984226019,-155.871309312292,0
19.3248312078019,12.8770519729867,0.081798025670183,60.1810335238425,-155.614524207514,0
19.3448362090523,12.8775206146962,0.0857991337315473,60.2025960494762,-155.35781392852,0
19.3648412103026,12.8779796858644,0.0898056348373292,60.2251870223843,-155.101182892448,0
19.3848462115529,12.8784293819398,0.0938180111711751,60.2488075818945,-154.844635539618,0
19.4048512128032,12.8788698943793,0.0978366588922908,60.273458960091,-154.588176333484,0
19.4248562140535,12.8793014107299,0.101861897755496,60.2991424607419,-154.331809760379,0
19.4448612153038,12.8797241147085,0.105893979783242,60.3258594405893,-154.075540329076,0
19.4648662165541,12.8801381862804,0.109933097078468,60.353611292769,-153.819372570228,0
19.4848712178045,12.8805438017354,0.113979388859067,60.3823994321522,-153.563311035666,0
19.5048762190548,12.8809411337632,0.118032947787241,60.4122252824155,-153.307360297632,0
19.5248812203051,12.8813303515269,0.122093825660343,60.4430902646698,-153.051524947914,0
19.5448862215554,12.8817116207349,0.126162038523663,60.4749957874884,-152.795809596942,0
19.5648912228057,12.8820851037118,0.13023757126002,60.5079432381959,-152.540218872836,0
19.584896224056,12.8824509594668,0.134320381706001,60.5419339752868,-152.284757420425,0
19.6049012253063,12.8828093437621,0.138410404340061,60.5769693218582,-152.029429900251,0
19.6249062265566,12.883160409179,0.142507553583506,60.6130505599534,-151.77424098756,0
19.644911227807,12.8835043051825,0.146611726751636,60.6501789257177,-151.519195371298,0
19.6649162290573,12.8838411781856,0.150722806688792,60.688355605284,-151.264297753107,0
19.6849212303076,12.884171171611,0.15484066411798,60.7275817313072,-151.009552846339,0
19.7049262315579,12.8844944259527,0.158965159732861,60.7678583800795,-150.754965375079,0
19.7249312328082,12.8848110788352,0.163096146057308,60.8091865691618,-150.500540073191,0
19.7449362340585,12.8851212650728,0.167233469095379,60.8515672554742,-150.246281683389,0
19.7649412353088,12.8854251167265,0.171376969792422,60.895001333794,-149.992194956329,0
19.7849462365591,12.8857227631603,0.175526485326069,60.9394896356144,-149.738284649732,0
19.8049512378095,12.8860143310964,0.179681850244135,60.9850329283218,-149.484555527532,0
19.8249562390598,12.8862999446691,0.183842897464811,61.0316319146544,-149.231012359056,0
19.8449612403101,12.8865797254776,0.188009459153093,61.0792872324068,-148.977659918237,0
19.8649662415604,12.8868537926381,0.192181367486077,61.1279994543522,-148.724502982846,0
19.8849712428107,12.8871222628337,0.196358455318544,61.1777690883518,-148.471546333774,0
19.904976244061,12.887385250365,0.200540556759141,61.2285965776287,-148.218794754323,0
19.9249812453113,12.8876428671983,0.204727507666551,61.2804823011843,-147.966253029546,0
19.9449862465616,12.8878952230134,0.208919146074037,61.3334265743357,-147.713925945606,0
19.964991247812,12.8881424252499,0.213115312550047,61.3874296493577,-147.461818289165,0
19.9849962490623,12.8883845791537,0.217315850501735,61.4424917162135,-147.209934846808,0
20.0050012503126,12.8886217878212,0.221520606427644,61.4986129033587,-146.958280404489,0
20.0250062515629,12.8859839450919,0.225728492452489,61.555780254121,-146.706915654056,1
20.0450112528132,12.8752844409108,0.229936744350077,61.6139565428826,-146.456002215173,1
20.0650162540635,12.8661376217142,0.23414576536874,61.673146233135,-146.205513917316,1
20.0850212553138,12.8550088653045,0.238354737000224,61.7333374843559,-145.955493377801,1
20.1050262565641,12.8401723881171,0.242562302450887,61.7945097666703,-145.706016648115,1
20.1250312578145,12.8315034898335,0.246770352555304,61.8566893267839,-145.456967811227,1
20.1450362590648,12.8262387099731,0.250979826472391,61.9198905410561,-145.208284943054,1
20.1650412603151,12.8155991049763,0.255188811646237,61.9840844496809,-144.960076296764,1
20.1850462615654,12.794902425272,0.259393903307886,62.0492166814577,-144.712540328399,1
20.2050512628157,12.7809027924263,0.263597217896808,62.1153169390496,-144.465551029788,1
20.225056264066,12.7771783554413,0.267801975088834,62.1824350703636,-144.218913576062,1
20.2450612653163,12.7617521570683,0.272004164930954,62.2505073258518,-143.972857956567,1
20.2650662665666,12.754903046729,0.276206554610006,62.319575593463,-143.727222360844,1
20.285071267817,12.7385758784325,0.28040587895727,62.3895856979779,-143.482193247019,1
20.3050762690673,12.7341143108438,0.28460598618784,62.4605991629468,-143.237545958814,1
20.3250812703176,12.7224917808217,0.288804373206668,62.5325737219664,-142.993422101239,1
20.3450862715679,12.7172323001685,0.293003076961241,62.6055423904094,-142.749703362489,1
20.3650912728182,12.7046151354967,0.297199559317375,62.6794597249598,-142.506534434084,1
20.3850962740685,12.6803693387537,0.301389917215897,62.7542533381567,-142.26414117467,1
20.4051012753188,12.6692634323461,0.305578440064671,62.8299954708986,-142.022275438165,1
20.4251062765691,12.6632245585323,0.309766680032773,62.9067134288371,-141.780844215109,1
20.4451112778195,12.6602114593148,0.313955552267371,62.9844234866675,-141.539793825618,1
20.4651162790698,12.6587852005411,0.318145508857511,63.0631338767086,-141.299098240534,1
20.4851212803201,12.6587984816596,0.322336961787017,63.1428523484883,-141.058734372056,1
20.5051262815704,12.6579400540444,0.326529561496278,63.2235721798295,-140.818723042006,1
20.5251312828207,12.6517784285985,0.330721497489432,63.3052576194301,-140.57916884737,1
20.545136284071,12.6434340759313,0.33491200190617,63.3878919585486,-140.340116943821,1
20.5651412853213,12.6371932197706,0.339101719998279,63.4714856786499,-140.101531093281,1
20.5851462865716,12.6223571823654,0.343287741745338,63.5559787844961,-139.863577218462,1
20.605151287822,12.6186975828039,0.347473737051121,63.6414423048776,-139.626047942465,1
20.6251562890723,12.6096619940003,0.351657849412494,63.7278373189391,-139.389048275969,1
20.6451612903226,12.6054049403949,0.355841627136954,63.8151937067159,-139.152492062994,1
20.6651662915729,12.5990784912346,0.360024329523079,63.903494325295,-138.916421780293,1
20.6851712928232,12.5839179743327,0.364202982981506,63.9926738392232,-138.681006415983,1
20.7051762940735,12.5755739560653,0.368379821123174,64.082776173743,-138.446121464717,1
20.7251812953238,12.5613871794761,0.372552849493826,64.1737556140839,-138.211879289917,1
20.7451862965741,12.5470548151842,0.376721987269507,64.2656063280388,-137.978285437843,1
20.7651912978245,12.5308997138847,0.380886588242237,64.3583101387263,-137.745376640936,1
20.7851962990748,12.5211865180393,0.385048757066577,64.4519104147685,-137.513036155321,1
20.8052013003251,12.5173202569957,0.389210394044908,64.546447431638,-137.281158742828,1
20.8252063015754,12.5040411094144,0.393368330025869,64.6418469946364,-137.049922220191,1
20.8452113028257,12.4975773572118,0.397524811429741,64.7381572516543,-136.819203635867,1
20.865216304076,12.4938899429437,0.401680723952202,64.8353969407251,-136.588955310722,1
20.8852213053263,12.4922513293775,0.405836719215864,64.9335797687524,-136.359143219503,1
20.9052263065766,12.4846483507473,0.409990785476712,65.0326560789103,-136.129880569835,1
20.925231307827,12.4690021442887,0.41414022625239,65.1325581670444,-135.901318117492,1
20.9452363090773,12.4605836864948,0.418287428224505,65.2333394213013,-135.673326070809,1
20.9652413103276,12.4547687321409,0.422433226031462,65.3350179374097,-135.44586020192,1
20.9852463115779,12.4567238355151,0.426580182140314,65.4376546032483,-135.218782110403,1
21.0052513128282,12.4502513638671,0.430725463557976,65.5411782854628,-134.992249407469,1
21.0252563140785,12.4539110127022,0.434872431412125,65.6456709174466,-134.766081357959,1
21.0452613153288,12.4521720981188,0.439019261691003,65.7510858047816,-134.540380080463,1
21.0652663165791,12.452528363804,0.443166638372281,65.8574389948114,-134.315111558675,1
21.0852713178295,12.4546511059296,0.447315131910172,65.9647435941242,-134.090247584002,1
21.1052763190798,12.4421123252947,0.451459840152412,66.072870954491,-133.866056559702,1
21.1252813203301,12.4411000560462,0.455604595398064,66.1819176817528,-133.642333797895,1
21.1452863215804,12.435556587684,0.459747864643793,66.2918414538785,-133.419164255094,1
21.1652913228307,12.4205682305962,0.463886488026971,66.4025546651496,-133.196720153669,1
21.185296324081,12.4029398942389,0.468019574202498,66.514028756189,-132.975051070859,1
21.2053013253313,12.4012727425494,0.472152427624798,66.626403014556,-132.753874380701,1
21.2253063265816,12.4038391167841,0.476286437270854,66.7397139775322,-132.533118398526,1
21.245311327832,12.4054919174447,0.48042128480981,66.8539518295132,-132.312803387815,1
21.2653163290823,12.4035749906383,0.484555769422102,66.9690818193997,-132.092996552673,1
21.2853213303326,12.4027661878992,0.488690250598868,67.0851121526074,-131.873681969836,1
21.3053263315829,12.4084202285146,0.492826871543763,67.2021018151522,-131.654749371585,1
21.3253313328332,12.412353472359,0.496965046301527,67.3200334844921,-131.43623332399,1
21.3453363340835,12.4086505347486,0.50110221977326,67.4388329184958,-131.218272204267,1
21.3653413353338,12.410678222223,0.505240295751679,67.5585528044132,-131.000769007324,1
21.3853463365841,12.4146759565064,0.509379920009172,67.6792106362472,-130.783693210797,1
21.4053513378345,12.4086684227108,0.513517747130562,67.800706778112,-130.567223273606,1
21.4253563390848,12.3959012007363,0.517651516306303,67.9229715706342,-130.351480109525,1
21.4453613403351,12.3996432180065,0.521786726626704,68.0461643702593,-130.136179240331,1
21.4653663415854,12.4002933175941,0.525922333479593,68.1702531234254,-129.921378504802,1
21.4853713428357,12.4052016072506,0.530059751104554,68.2952786173533,-129.707007949633,1
21.505376344086,12.4008035105601,0.534195866996174,68.4211452514238,-129.493232283109,1
21.5253813453363,12.4017478770058,0.538332458333975,68.5479048337816,-129.279962921445,1
21.5453863465866,12.4084527439763,0.542471438747257,68.6756147471968,-129.067104834575,1
21.565391347837,12.4074477233669,0.546610229294611,68.8041939053133,-128.854794169818,1
21.5853963490873,12.396981705429,0.550745668921724,68.9335412973405,-128.643196040306,1
21.6054013503376,12.3936043636873,0.554880118424763,69.0637269025007,-128.432191952403,1
21.6254063515879,12.3825065053267,0.559010994287038,69.1946660738314,-128.221916156967,1
21.6454113528382,12.3733456949266,0.563138938237511,69.3263749520749,-128.012338036007,1
21.6654163540885,12.3623439173405,0.567263330147965,69.4588294330258,-127.803490896496,1
21.6854213553388,12.3480668128217,0.571383071330863,69.5919899550048,-127.595432268266,1
21.7054263565891,12.3475501215473,0.575502748385697,69.7260008643467,-127.387932659507,1
21.7254313578395,12.3459446128506,0.579621991007647,69.8608478683021,-127.181013758296,1
21.7454363590898,12.342359879579,0.58374013475389,69.9965065100798,-126.97471188271,1
21.7654413603401,12.3406599861143,0.587857804169019,70.1329949538144,-126.768998898361,1
21.7854463615904,12.3488418959207,0.59197829290079,70.2704205052705,-126.563713744063,1
21.8054513628407,12.343700268679,0.596097150510661,70.4086327559242,-126.359081498091,1
21.825456364091,12.3280304891066,0.600210861186295,70.5475098613426,-126.155279134366,1
21.8454613653413,12.3265499357351,0.604324157424977,70.6872074110831,-125.952074220588,1
21.8654663665916,12.327721571112,0.608437919160136,70.8277529884418,-125.749426386071,1
21.885471367842,12.3259510066798,0.61255116116785,70.969110617749,-125.547387384625,1
21.9054763690923,12.3237788992902,0.616663746511596,71.1112730577972,-125.345967064328,1
21.9254813703426,12.3202845462838,0.620775231758715,71.2542216820509,-125.145189700166,1
21.9454863715929,12.3063526073779,0.624882129730036,71.3978319070123,-124.945228112693,1
21.9654913728432,12.3109560419171,0.628990625024562,71.5423162243674,-124.745783452034,1
21.9854963740935,12.3116907920518,0.63309942190824,71.687627533116,-124.546922322202,1
22.0055013753438,12.3193781075792,0.637210838777353,71.8338462582479,-124.348536380377,1
22.0255063765941,12.3290395301925,0.641325532015158,71.9809949429434,-124.150598337322,1
22.0455113778445,12.3326469373897,0.645441478955122,72.1290001987316,-123.95320974927,1
22.0655163790948,12.3305882636074,0.649556787152265,72.2777916178053,-123.756464708222,1
22.0855213803451,12.325492887546,0.653670440910064,72.4273296314438,-123.560414733252,1
22.1055263815954,12.3318555257672,0.657786262741484,72.577750736845,-123.36488089215,1
22.1255313828457,12.3379799588236,0.661904170928745,72.7290504974363,-123.169871024532,1
22.145536384096,12.3352946594064,0.666021223115078,72.8811188429145,-122.975528111787,1
22.1655413853463,12.3308837526737,0.670136842453868,73.0339310765685,-122.781881946886,1
22.1855463865966,12.3176797242541,0.674248092184693,73.1873740626314,-122.589072665539,1
22.205551387847,12.3053390212391,0.678355258932681,73.3414536102196,-122.397088158496,1
22.2255563890973,12.2984778332637,0.682460169948914,73.4962338102925,-122.205844624412,1
22.2455613903476,12.2944423645497,0.686563766324533,73.6517466721905,-122.015300597075,1
22.2655663915979,12.2947144491427,0.69066748457507,73.8080435317327,-121.825392066094,1
22.2855713928482,12.2875654006794,0.694768846205931,73.9650267313086,-121.63623628432,1
22.3055763940985,12.2745477635365,0.698865891058875,74.1226169182352,-121.447925356442,1
22.3255813953488,12.2654703875636,0.702959933253134,74.2808599401615,-121.260400240575,1
22.3455863965991,12.2563739730532,0.707050965226704,74.4397510728659,-121.073662809387,1
22.3655913978495,12.2493665536535,0.711139682247996,74.5993136452961,-120.88768349899,1
22.3855963990998,12.2542805062333,0.71523006365506,74.7596994424914,-120.702283602505,1
22.4056014003501,12.2414396243532,0.719316180734603,74.9206731062554,-120.51773464345,1
22.4256064016004,12.2405666902016,0.723402027689308,75.0823881775168,-120.333858304516,1
22.4456114028507,12.2490055584805,0.727490712267311,75.2449652623331,-120.150517960641,1
22.465616404101,12.2431343521673,0.731577456490316,75.4082120536598,-119.967931177816,1
22.4856214053513,12.2334552098604,0.735660988516761,75.5720738044782,-119.786156706895,1
22.5056264066016,12.2293587083598,0.739743171192298,75.7366212498924,-119.605113441546,1
22.525631407852,12.2244864614104,0.743823744830897,75.9018402914845,-119.424815028042,1
22.5456364091023,12.2176557947815,0.747902054481172,76.0677008869707,-119.245292639148,1
22.5656414103526,12.21537138078,0.751979617705738,76.234260849146,-119.066481345269,1
22.5856464116029,12.206154600017,0.756054118830251,76.4014222399966,-118.888485060682,1
22.6056514128532,12.2123608837638,0.760130705872543,76.569393139204,-118.711081489342,1
22.6256564141035,12.2186541239957,0.764209407716933,76.7381726957612,-118.534272953194,1
22.6456614153538,12.2139820769403,0.768286562430724,76.9076072880842,-118.358221773451,1
22.6656664166042,12.2245499693605,0.772367257504359,77.0779057673659,-118.182711419616,1
22.6856714178545,12.2276650477384,0.776449004773324,77.2489624663339,-118.00785273254,1
22.7056764191048,12.2200019820131,0.780528205112546,77.4206237772561,-117.833802846621,1
22.7256814203551,12.2245698090484,0.784608941402533,77.5930582200551,-117.66038999892,1
22.7456864216054,12.2301261244889,0.788691542961993,77.7662777377336,-117.487603920193,1
22.7656914228557,12.2369809039936,0.792776442725157,77.9402989438898,-117.315430266662,1
22.785696424106,12.2448139051009,0.796863967042028,78.1151340137522,-117.143859309122,1
22.8057014253563,12.2506615652425,0.80095345246662,78.2907529958638,-116.972923100421,1
22.8257064266067,12.2614328314521,0.805046542452926,78.4672248654338,-116.802557151008,1
22.845711427857,12.26286526272,0.809140119775468,78.6444130080133,-116.632894782907,1
22.8657164291073,12.251440945262,0.813229890986941,78.8221284496273,-116.464116586225,1
22.8857214303576,12.2588535234955,0.817322144796355,79.0006407601718,-116.295965088897,1
22.9057264316079,12.2627333652537,0.821415701185097,79.1798965288048,-116.128492660906,1
22.9257314328582,12.2688122464041,0.825511293887456,79.3599257690499,-115.961673019122,1
22.9457364341085,12.2791842035944,0.829610355743693,79.5407898151205,-115.795452055091,1
22.9657414353588,12.2856091235465,0.833711569427124,79.722428635039,-115.629887178341,1
22.9857464366092,12.2790494165684,0.837810599409176,79.9046475083175,-115.465156553936,1
23.0057514378595,12.2780239035907,0.84190929324591,80.0875247537093,-115.301187858569,1
23.0257564391098,12.2794357322056,0.846008463814664,80.2710938186494,-115.137951581196,0
23.0457614403601,12.2918783908001,0.850111793570787,80.4555174962295,-114.975304897232,0
23.0657664416104,12.3042926733828,0.854219272740686,80.6407942776999,-114.813253212915,0
23.0857714428607,12.3164580400602,0.858330818030459,80.8269192844416,-114.651804821762,0
23.105776444111,12.3283750611415,0.862446346343828,81.0138875648874,-114.49096795375,0
23.1257814453613,12.3400487161994,0.866565776252305,81.2016941622397,-114.330750717471,0
23.1457864466117,12.3514839733446,0.870689027991398,81.3903341160349,-114.17116110101,0
23.165791447862,12.3626857010715,0.874816023427368,81.5798024623476,-114.012206973982,0
23.1857964491123,12.3736586684882,0.878946686024055,81.7700942339608,-113.853896089558,0
23.2058014503626,12.3844075473093,0.883080940810347,81.9612044605315,-113.69623608644,0
23.2258064516129,12.3949369138443,0.887218714348284,82.15312816875,-113.539234490811,0
23.2458114528632,12.4052512509462,0.891359934701799,82.3458603824948,-113.382898718232,0
23.2658164541135,12.4153549499192,0.895504531406091,82.5393961229821,-113.227236075516,0
23.2858214553638,12.4252523123892,0.899652435437595,82.7337304089098,-113.072253762555,0
23.3058264566142,12.4349475521347,0.903803579184563,82.9288582565979,-112.917958874115,0
23.3258314578645,12.4444447968811,0.907957896418235,83.1247746801223,-112.764358401595,0
23.3458364591148,12.4537480900577,0.912115322264581,83.3214746914451,-112.611459234753,0
23.3658414603651,12.4628613925195,0.916275793176624,83.51895330054,-112.459268163395,0
23.3858464616154,12.4717885842334,0.920439246907312,83.7172055155123,-112.307791879031,0
23.4058514628657,12.48053346593,0.924605622482941,83.9162263427149,-112.1570369765,0
23.425856464116,12.4890997607221,0.928774860177121,84.1160107868606,-112.007009955561,0
23.4458614653663,12.4974911156893,0.932946901485254,84.3165538511282,-111.857717222452,0
23.4658664666167,12.5057111034311,0.937121689099552,84.5178505372661,-111.70916509142,0
23.485871467867,12.5137632235878,0.941299166884542,84.7198958456911,-111.561359786221,0
23.5058764691173,12.5216509043306,0.945479279853079,84.9226847755823,-111.414307441584,0
23.5258814703676,12.5293775038209,0.949661974142845,85.1262123249726,-111.268014104652,0
23.5458864716179,12.53694631164,0.953847196993332,85.3304734908351,-111.122485736394,0
23.5658914728682,12.5443605501901,0.958034896723277,85.5354632691659,-110.977728212982,0
23.5858964741185,12.5516233760658,0.962225022708581,85.741176655064,-110.833747327151,0
23.6059014753688,12.5587378813978,0.966417525360659,85.9476086428061,-110.69054878952,0
23.6259064766192,12.5657070951702,0.970612356105242,86.1547542259196,-110.548138229896,0
23.6459114778695,12.5725339845093,0.97480946736161,86.3626083972512,-110.406521198545,0
23.6659164791198,12.579221455947,0.979008812522245,86.5711661490319,-110.265703167441,0
23.6859214803701,12.5857723566586,0.983210345932911,86.7804224729399,-110.12568953149,0
23.7059264816204,12.5921894756746,0.987414022873129,86.9903723601596,-109.986485609725,0
23.7259314828707,12.5984755450684,0.991619799537058,87.2010108014374,-109.848096646482,0
23.745936484121,12.6046332411191,0.995827633014768,87.4123327871355,-109.710527812547,0
23.7659414853713,12.6106651854514,1.0000374812739,87.6243333072817,-109.573784206286,0
23.7859464866217,12.6165739461515,1.00424930314167,87.8370073516177,-109.437870854745,0
23.805951487872,12.6223620388602,1.00846305828732,88.0503499096435,-109.302792714732,0
23.8259564891223,12.6280319278444,1.01267870720482,88.2643559706603,-109.168554673875,0
23.8459614903726,12.6335860270461,1.01689621119603,88.4790205238103,-109.035161551661,0
23.8659664916229,12.63902670111,1.02111553235411,88.6943385581146,-108.902618100448,0
23.8859714928732,12.6443562663903,1.02533663354736,88.910305062508,-108.770929006463,0
23.9059764941235,12.6495769919369,1.02955947840333,89.1269150258729,-108.640098890775,0
23.9259814953738,12.6546911004615,1.03378403129328,89.3441634370697,-108.51013231025,0
23.9459864966242,12.6597007692837,1.03801025731696,89.562045284966,-108.381033758484,0
23.9659914978745,12.6646081312584,1.04223812228769,89.7805555584639,-108.25280766672,0
23.9859964991248,12.6694152756835,1.04646759271773,89.9996892465248,-108.125458404744,0
24.0060015003751,12.6741242491894,1.05069863580402,90.2194413381933,-107.998990281761,0
24.0260065016254,12.6787370566105,1.05493121941413,90.4398068226182,-107.873407547258,0
24.0460115028757,12.6832556618389,1.05916531207255,90.6607806890732,-107.748714391841,0
24.066016504126,12.6876819886602,1.06340088294722,90.8823579269752,-107.624914948065,0
24.0860215053763,12.6920179215727,1.0676379018364,91.1045335259012,-107.502013291235,0
24.1060265066267,12.6962653065897,1.07187633915572,91.3273024756041,-107.380013440201,0
24.126031507877,12.7004259520255,1.0761161659256,91.5506597660269,-107.25891935813,0
24.1460365091273,12.7045016292651,1.08035735375883,91.7746003873156,-107.138734953261,0
24.1660415103776,12.7084940735186,1.08459987484846,91.9991193298312,-107.019464079652,0
24.1860465116279,12.71240498456,1.08884370195592,92.2242115841604,-106.9011105379,0
24.2060515128782,12.7162360274504,1.09308880839943,92.4498721411248,-106.783678075857,0
24.2260565141285,12.7199888332474,1.09733516804255,92.6760959917902,-106.667170389324,0
24.2460615153788,12.7236649996994,1.10158275528306,92.9028781274733,-106.551591122729,0
24.2660665166292,12.7272660919257,1.105831545042,93.1302135397497,-106.4369438698,0
24.2860715178795,12.7307936430829,1.110081512753,93.3580972204586,-106.323232174213,0
24.3060765191298,12.7342491550178,1.11433263435178,93.5865241617088,-106.210459530233,0
24.3260815203801,12.7376340989065,1.11858488626586,93.815489355883,-106.098629383341,0
24.3460865216304,12.740949915881,1.12283824540453,94.0449877956412,-105.98774513084,0
24.3660915228807,12.7441980176428,1.12709268914896,94.2750144739246,-105.877810122462,0
24.386096524131,12.7473797870636,1.13134819534258,94.5055643839577,-105.768827660951,0
24.4061015253813,12.7504965787743,1.13560474228162,94.7366325192507,-105.660801002635,0
24.4261065266317,12.7535497197419,1.13986230870582,94.9682138736012,-105.553733357991,0
24.446111527882,12.756540509834,1.1441208737894,95.2003034410957,-105.447627892193,0
24.4661165291323,12.7594702223725,1.14838041713214,95.4328962161099,-105.342487725652,0
24.4861215303826,12.7623401046759,1.15264091875071,95.6659871933102,-105.238315934539,0
24.5061265316329,12.7651513785898,1.1569023590701,95.8995713676533,-105.135115551306,0
24.5261315328832,12.7679052410076,1.16116471891532,96.1336437343871,-105.032889565181,0
24.5461365341335,12.77060286438,1.16542797950318,96.3681992890499,-104.931640922673,0
24.5661415353838,12.7732453972137,1.16969212243429,96.6032330274707,-104.831372528046,0
24.5861465366342,12.7758339645612,1.17395712968525,96.838739945769,-104.732087243794,0
24.6061515378845,12.7783696684988,1.17822298360089,97.0747150403543,-104.633787891105,0
24.6261565391348,12.7808535885969,1.18248966688679,97.3111533079252,-104.53647725031,0
24.6461615403851,12.7832867823785,1.18675716260191,97.54804974547,-104.44015806133,0
24.6661665416354,12.7856702857704,1.19102545415133,97.7853993502657,-104.344833024104,0
24.6861715428857,12.7880051135436,1.1952945252792,98.0231971198779,-104.250504799016,0
24.706176544136,12.7902922597457,1.1995643600618,98.2614380521605,-104.157176007308,0
24.7261815453863,12.7925326981239,1.20383494290077,98.5001171452561,-104.064849231487,0
24.7461865466367,12.7947273825398,1.20810625851639,98.7392293975956,-103.97352701572,0
24.766191547887,12.7968772473751,1.21237829194118,98.9787698078989,-103.883211866221,0
24.7861965491373,12.7989832079298,1.2166510285134,99.2187333751752,-103.793906251633,0
24.8062015503876,12.8010461608119,1.22092445387088,99.4591150987239,-103.7056126034,0
24.8262065516379,12.8030669843188,1.22519855394486,99.6999099781357,-103.618333316127,0
24.8462115528882,12.8050465388115,1.22947331495402,99.9411130132939,-103.532070747938,0
24.8662165541385,12.8069856670807,1.23374872339858,100.182719204376,-103.446827220822,0
24.8862215553888,12.8088851947059,1.23802476605452,100.424723551856,-103.362605020973,0
24.9062265566392,12.8107459304065,1.24230142996804,100.667121056506,-103.279406399125,0
24.9262315578895,12.8125686663867,1.24657870244991,100.9099067194,-103.197233570875,0
24.9462365591398,12.814354178672,1.25085657107017,101.153075541918,-103.116088717001,0
24.9662415603901,12.8161032274402,1.25513502365278,101.396622525744,-103.035973983773,0
24.9862465616404,12.8178165573448,1.25941404827043,101.640542672879,-102.956891483261,0
25.0062515628907,12.8194948978322,1.26369363323946,101.884830985638,-102.878843293628,0
25.026256564141,12.8211389634518,1.26797376711489,102.129482466657,-102.801831459422,0
25.0462615653913,12.8227494541611,1.27225443868556,102.374492118903,-102.725857991866,0
25.0662665666417,12.8243270556226,1.2765356369693,102.619854945671,-102.650924869128,0
25.086271567892,12.8258724394965,1.28081735120829,102.8655659506,-102.577034036599,0
25.1062765691423,12.8273862637267,1.28509957086448,103.111620137672,-102.504187407161,0
25.1262815703926,12.8288691728202,1.28938228561507,103.358012511225,-102.432386861442,0
25.1462865716429,12.8303217981223,1.29366548534813,103.60473807596,-102.361634248073,0
25.1662915728932,12.8317447580848,1.29794916015829,103.851791836946,-102.29193138394,0
25.1862965741435,12.8331386585298,1.3022333003425,104.099168799637,-102.223280054425,0
25.2063015753938,12.8345040929071,1.30651789639595,104.346863969871,-102.155682013643,0
25.2263065766442,12.8358416425474,1.31080293900795,104.594872353893,-102.089138984679,0
25.2463115778945,12.8371518769094,1.31508841905801,104.843188958354,-102.023652659813,0
25.2663165791448,12.8384353538223,1.31937432761193,105.091808790331,-101.959224700744,0
25.2863215803951,12.8396926197236,1.32366065591801,105.340726857338,-101.895856738807,0
25.3063265816454,12.8409242098914,1.32794739540332,105.589938167336,-101.833550375189,0
25.3263315828957,12.8421306486723,1.33223453767003,105.839437728747,-101.772307181134,0
25.346336584146,12.843312449705,1.33652207449185,106.089220550472,-101.712128698149,0
25.3663415853963,12.8444701161386,1.34080999781052,106.339281641903,-101.653016438201,0
25.3863465866467,12.8456041408469,1.34509829973237,106.589616012936,-101.594971883918,0
25.406351587897,12.8467150066384,1.34938697252499,106.840218673995,-101.537996488771,0
25.4263565891473,12.8478031864617,1.35367600861386,107.091084636041,-101.482091677269,0
25.4463615903976,12.8488691436068,1.35796540057923,107.342208910593,-101.427258845136,0
25.4663665916479,12.8499133319027,1.36225514115286,107.593586509746,-101.373499359492,0
25.4863715928982,12.8509361959102,1.36654522321498,107.845212446192,-101.320814559024,0
25.5063765941485,12.8519381711112,1.37083563979125,108.097081733234,-101.269205754163,0
25.5263815953988,12.8529196840944,1.37512638404977,108.349189384813,-101.218674227245,0
25.5463865966492,12.8538811527369,1.37941744929819,108.601530415524,-101.169221232678,0
25.5663915978995,12.8548229863817,1.38370882898086,108.85409984064,-101.120847997097,0
25.5863965991498,12.8557455860123,1.388000516676,109.106892676133,-101.073555719529,0
25.6064016004001,12.8566493444235,1.39229250609302,109.3599039387,-101.027345571536,0
25.6264066016504,12.8575346463884,1.39658479106982,109.613128645783,-100.98221869737,0
25.6464116029007,12.8584018688223,1.40087736557012,109.866561815594,-100.938176214118,0
25.666416604151,12.8592513809432,1.40517022368097,110.120198467145,-100.895219211847,0
25.6864216054013,12.860083544429,1.40946335961016,110.374033620266,-100.853348753739,0
25.7064266066517,12.8608987135713,1.41375676768381,110.628062295638,-100.812565876234,0
25.726431607902,12.8616972354267,1.41805044234391,110.882279514817,-100.772871589158,0
25.7464366091523,12.8624794499641,1.42234437814596,111.136680300263,-100.734266875861,0
25.7664416104026,12.8632456902094,1.42663856975668,111.391259675367,-100.696752693337,0
25.7864466116529,12.8639962823879,1.43093301195171,111.646012664482,-100.660329972358,0
25.8064516129032,12.8647315460623,1.43522769961338,111.900934292955,-100.62499961759,0
25.8264566141535,12.8654517942696,1.43952262772857,112.15601958715,-100.590762507717,0
25.8464616154039,12.8661573336539,1.44381779138653,112.41126357449,-100.557619495558,0
25.8664666166542,12.8668484645969,1.4481131857768,112.666661283478,-100.525571408181,0
25.8864716179045,12.8675254813461,1.4524088061872,112.922207743739,-100.494619047017,0
25.9064766191548,12.8681886721399,1.45670464800175,113.177897986047,-100.46476318797,0
25.9264816204051,12.8688383193302,1.46100070669879,113.433727042362,-100.436004581524,0
25.9464866216554,12.869474699503,1.46529697784897,113.689689945863,-100.408343952851,0
25.9664916229057,12.8700980835956,1.46959345711342,113.945781730987,-100.381782001913,0
25.986496624156,12.8707087370125,1.4738901402419,114.201997433459,-100.356319403562,0
26.0065016254064,12.8713069197379,1.47818702307095,114.458332090332,-100.331956807644,0
26.0265066266567,12.8718928864468,1.48248410152216,114.714780740027,-100.30869483909,0
26.046511627907,12.8724668866133,1.4867813716004,114.971338422364,-100.286534098019,0
26.0665166291573,12.8730291646166,1.49107882939216,115.228000178607,-100.265475159822,0
26.0865216304076,12.8735799598454,1.49537647106384,115.4847610515,-100.245518575262,0
26.1065266316579,12.8741195067994,1.49967429286014,115.741616085308,-100.22666487056,0
26.1265316329082,12.8746480351897,1.50397229110244,115.998560325854,-100.20891454748,0
26.1465366341585,12.8751657700359,1.50827046218728,116.255588820567,-100.192268083421,0
26.1665416354089,12.8756729317626,1.51256880258477,116.512696618517,-100.176725931498,0
26.1865466366592,12.8761697362928,1.51686730883712,116.769878770459,-100.162288520625,0
26.2065516379095,12.8766563951398,1.52116597755716,117.02713032888,-100.148956255595,0
26.2265566391598,12.8771331154975,1.5254648054269,117.284446348035,-100.136729517162,0
26.2465616404101,12.8776001003287,1.52976378919611,117.541821883998,-100.125608662118,0
26.2665666416604,12.8780575484511,1.53406292568094,117.799251994703,-100.115594023371,0
26.2865716429107,12.8785056546221,1.53836221176257,118.05673173999,-100.106685910014,0
26.306576644161,12.8789446096221,1.54266164438586,118.314256181651,-100.098884607408,0
26.3265816454114,12.8793746003351,1.54696122055808,118.571820383475,-100.092190377248,0
26.3465866466617,12.8797958098287,1.55126093734763,118.829419411298,-100.086603457634,0
26.366591647912,12.8802084174319,1.55556079188275,119.087048333047,-100.082124063144,0
26.3865966491623,12.8806125988115,1.55857561872594,119.344700433259,-100.078586854356,0
26.4066016504126,12.8810085260469,1.55897672697854,119.602366402618,-100.075489525717,0
26.4266066516629,12.8813963677032,1.55937271195818,119.860041344365,-100.072494798982,0
26.4466116529132,12.8817762889031,1.5597626617919,120.11772504309,-100.069601244902,0
26.4666166541635,12.8821484513972,1.56014580745299,120.375417285951,-100.066807217274,0
26.4866216554139,12.8825130136329,1.56052150722682,120.633117863283,-100.064110887726,0
26.5066266566642,12.8828701308217,1.56088923269096,120.890826569079,-100.061510276715,0
26.5266316579145,12.8832199550055,1.56124855606858,121.148543201384,-100.05900328109,0
26.5466366591648,12.8835626351213,1.56159913882672,121.406267562588,-100.056587698557,0
26.5666416604151,12.8838983170642,1.56194072140315,121.663999459646,-100.054261249361,0
26.5866466616654,12.8842271437502,1.56227311395569,121.921738704235,-100.052021595452,0
26.6066516629157,12.8845492551765,1.56259618803807,122.179485112854,-100.04986635739,0
26.626656664166,12.8848647884812,1.56290986911475,122.437238506872,-100.047793129212,0
26.6466616654164,12.8851738780021,1.56321412983546,122.694998712542,-100.045799491477,0
26.6666666666667,12.8854766553333,1.56350898399737,122.952765560978,-100.043883022657,0
26.686671667917,12.8857732493816,1.56379448112941,123.210538888108,-100.04204130906,0
26.7066766691673,12.8860637864213,1.56407070163951,123.468318534601,-100.040271953428,0
26.7266816704176,12.8863483901478,1.56433775247058,123.726104345781,-100.038572582352,0
26.7466866716679,12.8866271817306,1.56459576321653,123.983896171523,-100.036940852624,0
26.7666916729182,12.8869002798646,1.56484488265384,124.241693866139,-100.03537445664,0
26.7866966741685,12.8871678008207,1.56508527564841,124.499497288259,-100.033871126968,0
26.8067016754189,12.8874298584954,1.56531712040116,124.757306300704,-100.032428640144,0
26.8267066766692,12.8876865644591,1.56554060599924,125.015120770358,-100.031044819817,0
26.8467116779195,12.8879380280039,1.56575593024286,125.272940568032,-100.029717539281,0
26.8667166791698,12.8881843561899,1.56596329772047,125.530765568339,-100.028444723489,0
26.8867216804201,12.8884256538906,1.56616291810767,125.788595649555,-100.027224350597,0
26.9067266816704,12.8886620238382,1.56635500466739,126.046430693495,-100.026054453092,0
26.9267316829207,12.8888935666665,1.56653977293128,126.304270585384,-100.024933118558,0
26.946736684171,12.8891203809544,1.56671743954381,126.562115213733,-100.023858490124,0
26.9667416854214,12.8893425632676,1.56688822125256,126.819964470218,-100.022828766631,0
26.9867466866717,12.8895602081998,1.56705233402966,127.077818249562,-100.021842202555,0
27.006751687922,12.8897734084128,1.56720999231089,127.335676449423,-100.020897107718,0
27.0267566891723,12.8899822546761,1.56736140833998,127.593538970283,-100.019991846818,0
27.0467616904226,12.8901868359056,1.56750679160718,127.851405715345,-100.019124838798,0
27.0667666916729,12.8903872392013,1.567646348372,128.109276590431,-100.018294556084,0
27.0867716929232,12.8905835498844,1.56778028126094,128.367151503887,-100.017499523707,0
27.1067766941735,12.8907758515338,1.56790878893234,128.625030366487,-100.016738318332,0
27.1267816954239,12.8909642260216,1.56803206580055,128.882913091348,-100.016009567202,0
27.1467866966742,12.8911487535477,1.56815030181319,129.140799593843,-100.015311947029,0
27.1667916979245,12.8913295126743,1.56826368227509,129.398689791523,-100.014644182817,0
27.1867966991748,12.8915065803592,1.56837238771389,129.656583604039,-100.014005046662,0
27.2068017004251,12.8916800319887,1.56847659378206,129.914480953067,-100.013393356504,0
27.2268067016754,12.8918499414094,1.56857647119134,130.17238176224,-100.012807974874,0
27.2468117029257,12.8920163809598,1.56867218567526,130.43028595708,-100.012247807617,0
27.266816704176,12.8921794215013,1.5687638979766,130.688193464937,-100.011711802613,0
27.2868217054264,12.8923391324479,1.56885176385627,130.946104214926,-100.01119894849,0
27.3068267066767,12.8924955817964,1.56893593412104,131.204018137869,-100.010708273356,0
27.326831707927,12.8926488361545,1.56901655466731,131.461935166242,-100.010238843522,0
27.3468367091773,12.8927989607702,1.56909376653892,131.719855234123,-100.009789762252,0
27.3668417104276,12.8929460195585,1.56916770599666,131.977778277138,-100.009360168525,0
27.3868467116779,12.8930900751295,1.56923850459797,132.235704232418,-100.008949235811,0
27.4068517129282,12.8932311888145,1.56930628928485,132.49363303855,-100.008556170872,0
27.4268567141785,12.8933694206923,1.56937118247891,132.751564635536,-100.008180212592,0
27.4468617154289,12.8935048296149,1.56943330218195,133.009498964749,-100.007820630823,0
27.4668667166792,12.8936374732324,1.56949276208116,133.267435968895,-100.007476725262,0
27.4868717179295,12.8937674080174,1.56954967165777,133.525375591973,-100.007147824353,0
27.5068767191798,12.8938946892895,1.56960413629839,133.783317779243,-100.006833284222,0
27.5268817204301,12.8940193712383,1.56965625740811,134.041262477184,-100.006532487637,0
27.5468867216804,12.8941415069469,1.56970613252482,134.299209633466,-100.006244842993,0
27.5668917229307,12.8942611484143,1.56975385543404,134.557159196916,-100.005969783339,0
27.586896724181,12.8943783465778,1.56979951628376,134.815111117488,-100.00570676542,0
27.6069017254314,12.894493151334,1.56984320169881,135.073065346231,-100.005455268759,0
27.6269067266817,12.8946056115609,1.56988499489442,135.331021835264,-100.005214794764,0
27.646911727932,12.8947157751382,1.56992497578861,135.588980537745,-100.004984865862,0
27.6669167291823,12.8948236889677,1.56996322111301,135.846941407846,-100.004765024667,0
27.6869217304326,12.8949293989937,1.569999804522,136.104904400729,-100.004554833172,0
27.7069267316829,12.8950329502218,1.57003479669997,136.362869472519,-100.004353871972,0
27.7269317329332,12.8951343867389,1.57006826546632,136.620836580281,-100.004161739508,0
27.7469367341835,12.8952337517312,1.57010027587831,136.878805681999,-100.00397805135,0
27.7669417354339,12.8953310875033,1.57013089033152,137.136776736551,-100.003802439491,0
27.7869467366842,12.8954264354955,1.57016016865778,137.394749703689,-100.003634551676,0
27.8069517379345,12.8955198363022,1.57018816822061,137.652724544018,-100.003474050758,0
27.8269567391848,12.8956113296886,1.57021494400811,137.910701218977,-100.003320614069,0
27.8469617404351,12.8957009546076,1.57024054872313,138.168679690817,-100.00317393282,0
27.8669667416854,12.895788749217,1.57026503287087,138.426659922587,-100.003033711529,0
27.8869717429357,12.8958747508951,1.57028844484382,138.684641878109,-100.002899667458,0
27.906976744186,12.895958996257,1.57031083100407,138.942625521966,-100.002771530084,0
27.9269817454364,12.8960415211699,1.57033223576296,139.200610819482,-100.002649040585,0
27.9469867466867,12.8961223607686,1.57035270165818,139.458597736707,-100.002531951349,0
27.966991747937,12.8962015494704,1.57037226942825,139.716586240398,-100.002420025496,0
27.9869967491873,12.8962791209899,1.5703909780845,139.974576298006,-100.002313036429,0
28.0070017504376,12.8963551083527,1.57040886498056,140.232567877659,-100.002210767395,0
28.0270067516879,12.8964295439105,1.57042596587942,140.490560948149,-100.002113011066,0
28.0470117529382,12.896502459354,1.57044231501803,140.748555478914,-100.002019569139,0
28.0670167541885,12.8965738857267,1.57045794516967,141.006551440029,-100.001930251951,0
28.0870217554389,12.8966438534384,1.57047288770393,141.264548802186,-100.001844878106,0
28.1070267566892,12.8967123922776,1.57048717264458,141.522547536686,-100.001763274126,0
28.1270317579395,12.8967795314246,1.57050082872513,141.780547615423,-100.001685274108,0
28.1470367591898,12.8968452994638,1.57051388344247,142.038549010871,-100.001610719396,0
28.1670417604401,12.8969097243957,1.57052636310826,142.296551696073,-100.001539458276,0
28.1870467616904,12.8969728336491,1.57053829289854,142.554555644629,-100.001471345668,0
28.2070517629407,12.8970346540927,1.57054969690124,142.812560830683,-100.001406242848,0
28.227056764191,12.8970952120463,1.57056059816195,143.070567228912,-100.001344017168,0
28.2470617654414,12.8971545332925,1.57057101872785,143.328574814513,-100.001284541792,0
28.2670667666917,12.897212643087,1.57058097968985,143.586583563196,-100.00122769545,0
28.287071767942,12.8972695661701,1.57059050122316,143.844593451169,-100.00117336219,0
28.3070767691923,12.8973253267765,1.57059960262611,144.10260445513,-100.001121431153,0
28.3270817704426,12.8973799486463,1.57060830235747,144.360616552256,-100.001071796344,0
28.3470867716929,12.8974334550347,1.57061661807227,144.618629720192,-100.001024356431,0
28.3670917729432,12.8974858687217,1.5706245666561,144.876643937043,-100.00097901453,0
28.3870967741935,12.8975372120225,1.57063216425805,145.134659181364,-100.000935678022,0
28.4071017754439,12.8975875067964,1.57063942632232,145.392675432149,-100.000894258359,0
28.4271067766942,12.8976367744562,1.57064636761844,145.650692668823,-100.000854670891,0
28.4471117779445,12.8976850359776,1.57065300227031,145.908710871233,-100.000816834692,0
28.4671167791948,12.8977323119078,1.57065934378403,146.16673001964,-100.0007806724,0
28.4871217804451,12.8977786223744,1.57066540507452,146.424750094709,-100.000746110062,0
28.5071267816954,12.8978239870941,1.57067119849108,146.682771077502,-100.000713076981,0
28.5271317829457,12.8978684253806,1.57067673584184,146.940792949467,-100.000681505577,0
28.547136784196,12.8979119561536,1.5706820284172,147.198815692434,-100.000651331247,0
28.5671417854464,12.8979545979463,1.57068708701228,147.456839288604,-100.000622492237,0
28.5871467866967,12.8979963689131,1.57069192194842,147.714863720544,-100.000594929519,0
28.607151787947,12.8980372868381,1.57069654309372,147.972888971176,-100.000568586665,0
28.6271567891973,12.898077369142,1.57070095988282,148.230915023773,-100.000543409738,0
28.6471617904476,12.8981166328896,1.57070518133571,148.488941861948,-100.000519347181,0
28.6671667916979,12.8981550947976,1.57070921607583,148.746969469653,-100.000496349714,0
28.6871717929482,12.8981927712409,1.57071307234735,149.004997831165,-100.00047437023,0
28.7071767941985,12.8982296782602,1.57071675803169,149.263026931085,-100.000453363703,0
28.7271817954489,12.8982658315687,1.57072028066343,149.521056754326,-100.000433287096,0
28.7471867966992,12.8983012465584,1.57072364744539,149.779087286114,-100.000414099272,0
28.7671917979495,12.8983359383074,1.57072686526321,150.037118511973,-100.000395760911,0
28.7871967991998,12.8983699215854,1.57072994069916,150.295150417726,-100.00037823443,0
28.8072018004501,12.8984032108609,1.57073288004549,150.553182989483,-100.000361483907,0
28.8272068017004,12.8984358203066,1.57073568931709,150.81121621364,-100.000345475008,0
28.8472118029507,12.8984677638059,1.57073837426367,151.069250076871,-100.000330174916,0
28.867216804201,12.8984990549588,1.57074094038137,151.327284566123,-100.000315552262,0
28.8872218054514,12.8985297070874,1.57074339292392,151.585319668607,-100.000301577069,0
28.9072268067017,12.8985597332417,1.57074573691325,151.843355371798,-100.000288220679,0
28.927231807952,12.8985891462054,1.57074797714971,152.101391663427,-100.000275455707,0
28.9472368092023,12.8986179585009,1.57075011822174,152.359428531474,-100.000263255974,0
28.9672418104526,12.8986461823951,1.57075216451527,152.617465964166,-100.000251596463,0
28.9872468117029,12.8986738299041,1.57075412022255,152.87550394997,-100.000240453259,0
29.0072518129532,12.8987009127989,1.57075598935072,153.13354247759,-100.000229803509,0
29.0272568142036,12.8987274426099,1.57075777572994,153.391581535958,-100.000219625368,0
29.0472618154539,12.8987534306321,1.57075948302117,153.649621114236,-100.000209897958,0
29.0672668167042,12.89877888793,1.57076111472363,153.907661201803,-100.000200601326,0
29.0872718179545,12.8988038253418,1.57076267418194,154.165701788259,-100.000191716399,0
29.1072768192048,12.8988282534847,1.57076416459291,154.423742863414,-100.00018322495,0
29.1272818204551,12.8988521827589,1.57076558901205,154.681784417287,-100.000175109559,0
29.1472868217054,12.8988756233522,1.57076695035982,154.939826440101,-100.000167353575,0
29.1672918229557,12.8988985852443,1.57076825142759,155.197868922278,-100.000159941084,0
29.1872968242061,12.8989210782114,1.5707694948833,155.455911854438,-100.000152856879,0
29.2073018254564,12.8989431118296,1.57077068327693,155.713955227389,-100.000146086422,0
29.2273068267067,12.8989646954799,1.57077181904571,155.97199903213,-100.00013961582,0
29.247311827957,12.8989858383513,1.57077290451906,156.230043259841,-100.000133431797,0
29.2673168292073,12.8990065494454,1.5707739419234,156.488087901886,-100.000127521663,0
29.2873218304576,12.8990268375799,1.57077493338667,156.746132949801,-100.000121873288,0
29.3073268317079,12.8990467113925,1.57077588094267,157.004178395298,-100.000116475082,0
29.3273318329582,12.8990661793443,1.57077678653523,157.262224230257,-100.000111315965,0
29.3473368342086,12.8990852497239,1.57077765202219,157.520270446723,-100.000106385351,0
29.3673418354589,12.8991039306504,1.57077847917919,157.778317036907,-100.00010167312,0
29.3873468367092,12.8991222300771,1.57077926970329,158.036363993175,-100.000097169601,0
29.4073518379595,12.899140155795,1.57078002521647,158.294411308051,-100.00009286555,0
29.4273568392098,12.899157715436,1.57078074726894,158.552458974212,-100.000088752134,0
29.4473618404601,12.899174916476,1.57078143734228,158.810506984483,-100.000084820911,0
29.4673668417104,12.8991917662383,1.57078209685252,159.068555331837,-100.000081063811,0
29.4873718429607,12.8992082718967,1.57078272715302,159.326604009389,-100.000077473123,0
29.5073768442111,12.8992244404784,1.57078332953723,159.584653010397,-100.000074041477,0
29.5273818454614,12.8992402788672,1.57078390524135,159.842702328254,-100.000070761829,0
29.5473868467117,12.8992557938063,1.57078445544686,160.10075195649,-100.000067627447,0
29.567391847962,12.899270991901,1.57078498128294,160.358801888766,-100.000064631897,0
29.5873968492123,12.899285879622,1.57078548382879,160.616852118872,-100.000061769031,0
29.6074018504626,12.8993004633076,1.57078596411582,160.874902640728,-100.000059032971,0
29.6274068517129,12.8993147491669,1.57078642312979,161.132953448374,-100.000056418102,0
29.6474118529632,12.899328743282,1.57078686181281,161.391004535974,-100.000053919056,0
29.6674168542136,12.8993424516109,1.57078728106529,161.64905589781,-100.000051530703,0
29.6874218554639,12.8993558799898,1.57078768174776,161.907107528283,-100.00004924814,0
29.7074268567142,12.899369034136,1.57078806468266,162.165159421906,-100.000047066681,0
29.7274318579645,12.8993819196496,1.57078843065601,162.423211573304,-100.000044981848,0
29.7474368592148,12.8993945420168,1.57078878041902,162.681263977215,-100.000042989362,0
29.7674418604651,12.8994069066114,1.57078911468965,162.93931662848,-100.000041085133,0
29.7874468617154,12.8994190186977,1.57078943415405,163.197369522049,-100.00003926525,0
29.8074518629657,12.8994308834323,1.57078973946801,163.455422652973,-100.000037525979,0
29.8274568642161,12.8994425058667,1.57079003125826,163.713476016404,-100.000035863749,0
29.8474618654664,12.8994538909491,1.57079031012379,163.971529607595,-100.000034275147,0
29.8674668667167,12.8994650435266,1.57079057663705,164.229583421894,-100.000032756911,0
29.887471867967,12.8994759683474,1.57079083134514,164.487637454745,-100.000031305926,0
29.9074768692173,12.8994866700628,1.57079107477096,164.745691701684,-100.000029919213,0
29.9274818704676,12.8994971532289,1.57079130741421,165.00374615834,-100.000028593924,0
29.9474868717179,12.8995074223091,1.57079152975249,165.26180082043,-100.000027327339,0
29.9674918729682,12.8995174816752,1.57079174224223,165.519855683758,-100.000026116858,0
29.9874968742186,12.8995273356102,1.57079194531967,165.777910744214,-100.000024959995,0
30.0075018754689,12.8995369883091,1.5707921394017,166.035965997774,-100.000023854376,0
30.0275068767192,12.8969294874401,1.5707923248502,166.293969101364,-100.000022797935,1
30.0475118779695,12.8878389745285,1.57079250193109,166.551790359873,-100.000021788967,1
30.0675168792198,12.8715510763664,1.5707926708632,166.809285797287,-100.000020825815,1
30.0875218804701,12.8577421913385,1.57079283199257,167.066504945146,-100.000019906164,1
30.1075268817204,12.8554888742247,1.57079298587448,167.323679028667,-100.000019027175,1
30.1275318829707,12.8484728771161,1.57079313291711,167.580712758978,-100.00001818734,1
30.1475368842211,12.8411156359256,1.57079327337725,167.837599306384,-100.000017384913,1
30.1675418854714,12.8343845020997,1.57079340756212,168.094351196469,-100.000016618166,1
30.1875468867217,12.8265845818625,1.57079353575597,168.350947056129,-100.000015885545,1
30.207551887972,12.812020190533,1.57079365816143,168.607251577443,-100.000015185864,1
30.2275568892223,12.7985283878647,1.57079377500352,168.863286153104,-100.000014517561,1
30.2475618904726,12.7963611458812,1.57079388665891,169.119277385882,-100.000013878613,1
30.2675668917229,12.7888519198728,1.57079399340846,169.375118402253,-100.000013267978,1
30.2875718929732,12.7726356968073,1.57079409536137,169.630635047315,-100.000012684772,1
30.3075768942236,12.7477681619726,1.57079419261553,169.885654204388,-100.000012128106,1
30.3275818954739,12.7355450469846,1.57079428543882,170.140428796073,-100.000011596197,1
30.3475868967242,12.7377475172397,1.5707943742317,170.395247444819,-100.000011087337,1
30.3675918979745,12.7345768699217,1.57079445922417,170.650002697127,-100.000010600733,1
30.3875968992248,12.7223617688274,1.57079454048353,170.904513578647,-100.000010135753,1
30.4076019004751,12.7126340076267,1.5707946181396,171.158829856428,-100.000009691337,1
30.4276069017254,12.7033598052555,1.57079469237392,171.412960601322,-100.000009266545,1
30.4476119029757,12.6908488486914,1.57079476332584,171.666841084736,-100.000008860599,1
30.4676169042261,12.6745550309349,1.57079483110855,171.920395596343,-100.000008472764,1
30.4876219054764,12.6654388688042,1.57079489588895,172.173767725979,-100.000008102005,1
30.5076269067267,12.6642165949342,1.57079495787615,172.427115385918,-100.000007747342,1
30.527631907977,12.6689090298662,1.57079501725149,172.680556917833,-100.000007407927,1
30.5476369092273,12.6736258395014,1.5707950741434,172.934092809702,-100.000007083125,1
30.5676419104776,12.6711720483677,1.57079512861763,173.187579649045,-100.000006772495,1
30.5876469117279,12.6601533805294,1.5707951807094,173.440846045225,-100.000006475632,1
30.6076519129782,12.6505914596321,1.57079523049846,173.693921171671,-100.000006191884,1
30.6276569142286,12.6307647982334,1.57079527805683,173.946599690453,-100.000005920876,1
30.6476619154789,12.6153806511372,1.57079532347058,174.198970387331,-100.000005661937,1
30.6676669167292,12.6194500435762,1.57079536692391,174.451422495082,-100.000005414132,1
30.6876719179795,12.6160455683467,1.57079540853643,174.703806529369,-100.000005177124,1
30.7076769192298,12.6008158495591,1.57079544832352,174.955885899107,-100.000004950662,1
30.7276819204801,12.5858999448988,1.5707954863346,175.207666865007,-100.000004734263,1
30.7476869217304,12.5746235364204,1.57079552266447,175.45922224607,-100.000004527409,1
30.7676919229807,12.5688902721175,1.57079555741468,175.710662905921,-100.000004329587,1
30.7876969242311,12.5684197985663,1.57079559068215,175.962094171272,-100.000004140323,1
30.8077019254814,12.5599911229462,1.57079562252089,176.213356833056,-100.000003959363,1
30.8277069267317,12.5521471552369,1.57079565297464,176.464462554032,-100.00000378634,1
30.847711927982,12.5519003385689,1.57079568212293,176.715563334934,-100.000003620803,1
30.8677169292323,12.5519986212453,1.57079571003703,176.966666084251,-100.000003462429,1
30.8877219304826,12.5543002705196,1.57079573677201,177.21781486343,-100.000003310889,1
30.9077269317329,12.5522665347511,1.57079576237075,177.468923002677,-100.000003165942,1
30.9277319329832,12.5401753085786,1.57079578685212,177.719789235802,-100.000003027417,1
30.9477369342336,12.5359370352597,1.57079581026269,177.970570676565,-100.000002894945,1
30.9677419354839,12.5279626384605,1.57079583265638,178.221192617245,-100.000002768295,1
30.9877469367342,12.5190405502865,1.57079585406974,178.471636032375,-100.000002647223,1
31.0077519379845,12.5199612530048,1.57079587456108,178.722097878937,-100.00000253139,1
31.0277569392348,12.5110004111018,1.57079589416844,178.972380493072,-100.000002420656,1
31.0477619404851,12.4977464697419,1.57079591290946,179.222397937446,-100.000002314834,1
31.0677669417354,12.4974531598346,1.57079593083643,179.472409488256,-100.0000022136,1
31.0877719429857,12.5015117584663,1.57079594800708,179.722502250381,-100.00000211672,1
31.1077769442361,12.4956564329363,1.57079596444394,179.972477896304,-100.000002024086,1
31.1277819454864,12.4844623435098,1.57079598015934,180.222229600366,-100.00000193555,1
31.1477869467367,12.4769730661664,1.57079599518414,180.471831469355,-100.000001850904,1
31.167791947987,12.4761361259657,1.5707960095608,180.721416581048,-100.000001769934,1
31.1877969492373,12.4808628273354,1.57079602332972,180.971096245007,-100.000001692446,1
31.2078019504876,12.4873919442073,1.57079603652243,181.220906523384,-100.000001618286,1
31.2278069517379,12.4947225456263,1.5707960491636,181.47086344732,-100.000001547311,1
31.2478119529882,12.498940691314,1.57079606127215,181.720904775701,-100.000001479405,1
31.2678169542386,12.493223847973,1.57079607285727,181.970831756401,-100.000001414491,1
31.2878219554889,12.4812285179433,1.57079608392775,182.220518774211,-100.000001352468,1
31.3078269567392,12.4704564724093,1.57079609450339,182.46999028539,-100.000001293198,1
31.3278319579895,12.4651570133686,1.57079610461259,182.719355771981,-100.000001236533,1
31.3478369592398,12.4627921396818,1.57079611428246,182.968673948449,-100.000001182344,1
31.3678419604901,12.4581667433638,1.57079612353236,183.217899606448,-100.000001130533,1
31.3878469617404,12.4520672449961,1.57079613237791,183.467003231834,-100.000001081001,1
31.4078519629907,12.4461445520798,1.57079614083618,183.715988391686,-100.000001033647,1
31.4278569642411,12.4322564174152,1.57079614891931,183.964695731467,-100.000000988402,1
31.4478619654914,12.4193416774797,1.57079615664062,184.213144688358,-100.000000945168,1
31.4678669667417,12.4155691031385,1.57079616402304,184.461518165513,-100.000000903823,1
31.487871967992,12.4106006728738,1.57079617108578,184.709792269682,-100.000000864288,1
31.5078769692423,12.403530044841,1.57079617784084,184.95792490491,-100.000000826489,1
31.5278819704926,12.4029205343211,1.57079618430407,185.206045346949,-100.000000790333,1
31.5478869717429,12.4031161561103,1.57079619049123,185.454169698272,-100.000000755745,1
31.5678919729932,12.4011595641489,1.57079619641309,185.702254925079,-100.000000722664,1
31.5878969742436,12.398143577608,1.57079620207933,185.950279796116,-100.000000691029,1
31.6079019754939,12.3964893089638,1.57079620750104,186.198271598836,-100.000000660773,1
31.6279069767442,12.3863941827097,1.57079621268563,186.446061451968,-100.000000631855,1
31.6479119779945,12.380014574415,1.57079621764202,186.693723657236,-100.000000604208,1
31.6679169792448,12.3759439665288,1.57079622238265,186.941304454825,-100.000000577771,1
31.6879219804951,12.3696639037997,1.57079622691686,187.188759592893,-100.000000552495,1
31.7079269817454,12.3737001790613,1.57079623125656,187.436295466044,-100.000000528309,1
31.7279319829957,12.3765020841672,1.57079623541257,187.683887413634,-100.000000505169,1
31.7479369842461,12.3782307596098,1.57079623939151,187.931513914758,-100.000000483033,1
31.7679419854964,12.3838946465332,1.57079624320155,188.179253745779,-100.000000461851,1
31.7879469867467,12.3796407621829,1.57079624684761,188.426908491223,-100.0000004416,1
31.807951987997,12.3703754911724,1.57079625033271,188.674377889676,-100.000000422247,1
31.8279569892473,12.3679683646157,1.57079625366471,188.921799092063,-100.000000403741,1
31.8479619904976,12.3704664525452,1.57079625685327,189.169270307009,-100.000000386038,1
31.8679669917479,12.3669412132456,1.570796259904,189.416670971714,-100.000000369112,1
31.8879719929982,12.3699955935148,1.57079626282303,189.664132748446,-100.00000035292,1
31.9079769942486,12.3710239075231,1.57079626561678,189.911615092919,-100.000000337434,1
31.9279819954989,12.3711255240621,1.57079626828987,190.159099480415,-100.000000322624,1
31.9479869967492,12.3665841796376,1.57079627084628,190.406493026191,-100.000000308466,1
31.9679919979995,12.3616930778079,1.57079627329021,190.653788715374,-100.000000294933,1
31.9879969992498,12.3576650289499,1.57079627562678,190.901003834307,-100.000000281994,1
32.0080020005001,12.3534493264687,1.57079627786085,191.148134602731,-100.000000269625,1
32.0280070017504,12.345930580113,1.57079627999639,191.395114998222,-100.000000257803,1
32.0480120030007,12.3270049279632,1.57079628203545,191.641716783756,-100.000000246513,1
32.0680170042511,12.3132152938892,1.57079628398189,191.888042685401,-100.000000235728,1
32.0880220055014,12.3074369842334,1.57079628584209,192.134252985191,-100.000000225416,1
32.1080270067517,12.3058976360581,1.57079628762163,192.380432479239,-100.000000215553,1
32.128032008002,12.3044357050511,1.5707962893245,192.626582743506,-100.00000020612,1
32.1480370092523,12.304617679315,1.57079629095417,192.872736615876,-100.000000197097,1
32.1680420105026,12.30933007557,1.57079629251448,193.118984785167,-100.000000188464,1
32.1880470117529,12.3081921668976,1.57079629400801,193.365210182013,-100.000000180207,1
32.2080520130033,12.3102073624564,1.5707962954373,193.611475889834,-100.000000172309,1
32.2280570142536,12.312830431552,1.57079629680541,193.857794073583,-100.000000164753,1
32.2480620155039,12.3140698731617,1.57079629811478,194.104137057159,-100.000000157527,1
32.2680670167542,12.3158489780969,1.57079629936777,194.350515621924,-100.000000150615,1
32.2880720180045,12.323371728257,1.57079630056734,194.597044665097,-100.000000144001,1
32.3080770192548,12.3301475023151,1.57079630171605,194.84370928237,-100.000000137673,1
32.3280820205051,12.3323520952388,1.57079630281546,195.090417988845,-100.000000131622,1
32.3480870217554,12.3370317219381,1.57079630386748,195.337220319058,-100.000000125834,1
32.3680920230058,12.338860636708,1.57079630487402,195.584059239461,-100.000000120299,1
32.3880970242561,12.3384865628735,1.57079630583663,195.830890683482,-100.000000115007,1
32.4081020255064,12.3320899651024,1.57079630675662,196.077594183435,-100.000000109949,1
32.4281070267567,12.3293770814102,1.57079630763578,196.324243364539,-100.000000105116,1
32.448112028007,12.3330405044147,1.57079630847663,196.570965870413,-100.000000100492,1
32.4681170292573,12.3310251373797,1.57079630928079,196.817648031563,-100.000000096073,1
32.4881220305076,12.3392200370366,1.57079631005018,197.064494120621,-100.000000091844,1
32.5081270317579,12.3494271176435,1.57079631078688,197.311544408446,-100.000000087799,1
32.5281320330083,12.3541260885497,1.570796311492,197.558688717781,-100.00000008393,1
32.5481370342586,12.3555073124972,1.57079631216637,197.805860647937,-100.00000008023,1
32.5681420355089,12.3548034539391,1.57079631281105,198.053018523236,-100.000000076695,1
32.5881470367592,12.3527693992008,1.57079631342719,198.300135676282,-100.000000073315,1
32.6081520380095,12.3585627535753,1.57079631401638,198.547368731348,-100.000000070083,1
32.6281570392598,12.3601618840022,1.57079631457991,198.794633789316,-100.000000066993,1
32.6481620405101,12.3612055731062,1.57079631511867,199.041919711198,-100.000000064039,1
32.6681670417604,12.3585083858421,1.57079631563358,199.289151716444,-100.000000061216,1
32.6881720430108,12.3535422347969,1.57079631612549,199.536284326342,-100.000000058518,1
32.7081770442611,12.3632361923024,1.57079631659592,199.783610859332,-100.000000055938,1
32.7281820455114,12.3665878801209,1.57079631704602,200.031004481098,-100.00000005347,1
32.7481870467617,12.3586947219745,1.57079631747607,200.278240201173,-100.000000051113,1
32.768192048012,12.3561701443863,1.57079631788682,200.525425388876,-100.00000004886,1
32.7881970492623,12.3627152958458,1.57079631827961,200.772741507647,-100.000000046706,1
32.8082020505126,12.3638022799687,1.57079631865527,201.020079405577,-100.000000044646,1
32.8282070517629,12.3620553937463,1.57079631901432,201.26738232223,-100.000000042678,1
32.8482120530133,12.3631192650091,1.57079631935751,201.514706557627,-100.000000040796,1
32.8682170542636,12.3620340112928,1.57079631968555,201.762009041573,-100.000000038997,1
32.8882220555139,12.3676462002822,1.57079631999923,202.009423822618,-100.000000037277,1
32.9082270567642,12.3705193061766,1.57079632029924,202.256896057644,-100.000000035632,1
32.9282320580145,12.3746097853837,1.57079632058614,202.504450148836,-100.00000003406,1
32.9482370592648,12.37093020681,1.57079632086034,202.751930631539,-100.000000032557,1
32.9682420605151,12.3728645407302,1.57079632112238,202.999449780407,-100.000000031121,1
32.9882470617654,12.3769888869357,1.57079632137295,203.247051468951,-100.000000029747,1
33.0082520630158,12.3731665445947,1.57079632161242,203.494576685462,-100.000000028435,1
33.0282570642661,12.3723212691221,1.57079632184123,203.742084986003,-100.00000002718,1
33.0482620655164,12.3672244522332,1.57079632205981,203.98949135485,-100.000000025982,1
33.0682670667667,12.3570054720286,1.5707963222685,204.236693275787,-100.000000024837,1
33.088272068017,12.3507692982268,1.57079632246775,204.48377044659,-100.000000023743,1
33.1082770692673,12.347236729775,1.5707963226581,204.730776928429,-100.000000022698,1
33.1282820705176,12.3495411738464,1.57079632284009,204.977829509728,-100.000000021698,1
33.1482870717679,12.3520186895531,1.57079632301414,205.224931654199,-100.000000020743,1
33.1682920730183,12.3498306967319,1.57079632318054,205.471990050536,-100.000000019829,1
33.1882970742686,12.3493143525236,1.5707963233396,205.719038077037,-100.000000018956,1
33.2083020755189,12.3566268370329,1.57079632349175,205.966232407613,-100.000000018121,1
33.2283070767692,12.3576585398813,1.5707963236373,206.213447383685,-100.000000017322,1
33.2483120780195,12.3568238861538,1.57079632377643,206.460645662997,-100.000000016559,1
33.2683170792698,12.355509295894,1.57079632390942,206.707817645645,-100.000000015829,1
33.2883220805201,12.3589854358425,1.57079632403657,206.95505914211,-100.000000015131,1
33.3083270817704,12.3698779872856,1.57079632415825,207.202518543993,-100.000000014464,1
33.3283320830208,12.3779703859231,1.57079632427472,207.450139848415,-100.000000013825,1
33.3483370842711,12.3816570482936,1.57079632438614,207.697834906786,-100.000000013215,1
33.3683420855214,12.3877710610453,1.57079632449269,207.945652260672,-100.000000012631,1
33.3883470867717,12.397509057097,1.57079632459464,208.193664426454,-100.000000012073,1
33.408352088022,12.3989988827366,1.57079632469213,208.441706432851,-100.000000011539,1
33.4283570892723,12.390062703403,1.57079632478523,208.689569671971,-100.00000001103,1
33.4483620905226,12.3825351550626,1.57079632487408,208.937282314063,-100.000000010543,1
33.4683670917729,12.3773814671677,1.57079632495891,209.184891856487,-100.000000010078,1
33.4883720930233,12.3752369431742,1.57079632503994,209.432458482859,-100.000000009633,1
33.5083770942736,12.3758265798402,1.57079632511739,209.680036911877,-100.000000009208,1
33.5283820955239,12.3707968428873,1.57079632519139,209.927514739437,-100.000000008802,1
33.5483870967742,12.3676438561244,1.57079632526208,210.174929456556,-100.000000008414,1
33.5683920980245,12.3678637483127,1.57079632532964,210.422348604155,-100.000000008043,1
33.5883970992748,12.3599017963631,1.57079632539418,210.669608470175,-100.000000007689,1
33.6084021005251,12.3557044328136,1.57079632545583,210.916784352887,-100.000000007351,1
33.6284071017754,12.3584137866335,1.57079632551476,211.164014422473,-100.000000007027,1
33.6484121030258,12.3633827943834,1.57079632557114,211.411343904729,-100.000000006717,1
33.6684171042761,12.3683784730582,1.57079632562507,211.658773314832,-100.000000006421,1
33.6884221055264,12.3701966441823,1.57079632567666,211.906239128073,-100.000000006138,1
33.7084271067767,12.3697285096932,1.57079632572597,212.153695545598,-100.000000005867,1
33.728432108027,12.3755177753766,1.57079632577313,212.401267788255,-100.000000005608,1
33.7484371092773,12.3716883768551,1.57079632581821,212.648763456966,-100.000000005361,1
33.7684421105276,12.3570835163364,1.57079632586123,212.895966963838,-100.000000005125,1
33.7884471117779,12.3518426993552,1.57079632590231,213.143065569848,-100.000000004899,1
33.8084521130283,12.3566939032964,1.57079632594158,213.390261253528,-100.000000004684,1
33.8284571142786,12.3577888122757,1.57079632597914,213.637478819546,-100.000000004477,1
33.8484621155289,12.3644859057531,1.57079632601508,213.884830362014,-100.00000000428,1
33.8684671167792,12.3673189636754,1.57079632604945,214.132238597632,-100.000000004091,1
33.8884721180295,12.3662337540024,1.57079632608232,214.379625118931,-100.000000003911,1
33.9084771192798,12.3635549062943,1.57079632611372,214.626958064247,-100.000000003739,1
33.9284821205301,12.3535107227465,1.57079632614371,214.874090092963,-100.000000003574,1
33.9484871217804,12.3458491025466,1.57079632617235,215.121068815563,-100.000000003417,1
33.9684921230308,12.3516830564924,1.57079632619972,215.368164226981,-100.000000003266,1
33.9884971242811,12.3594092230271,1.57079632622593,215.615414217241,-100.000000003122,1
34.0085021255314,12.3526720769061,1.57079632625098,215.862529480348,-100.000000002985,1
34.0285071267817,12.3381635534251,1.57079632627489,216.10935447239,-100.000000002853,1
34.048512128032,12.3330544290441,1.57079632629772,216.356077247316,-100.000000002728,1
34.0685171292823,12.3291755825798,1.57079632631953,216.602722432031,-100.000000002608,1
34.0885221305326,12.3214246167912,1.57079632634038,216.849212569792,-100.000000002493,1
34.1085271317829,12.3105723146358,1.57079632636028,217.095485607776,-100.000000002384,1
34.1285321330333,12.304714239432,1.5707963263793,217.341641429284,-100.000000002279,1
34.1485371342836,12.3059130272746,1.57079632639748,217.587821231792,-100.000000002179,1
34.1685421355339,12.3117953782278,1.57079632641488,217.834118688321,-100.000000002083,1
34.1885471367842,12.3196931113688,1.57079632643155,218.080574158997,-100.000000001992,1
34.2085521380345,12.3208408466495,1.57079632644749,218.327052597062,-100.000000001904,1
34.2285571392848,12.3179109988119,1.57079632646274,218.573472434608,-100.000000001821,1
34.2485621405351,12.3195008263977,1.57079632647732,218.819924039226,-100.00000000174,1
34.2685671417854,12.3189651013686,1.57079632649126,219.066364987314,-100.000000001664,1
34.2885721430358,12.3110121393099,1.57079632650458,219.312646792509,-100.000000001591,1
34.3085771442861,12.3033740579002,1.57079632651731,219.558775854844,-100.000000001521,1
34.3285821455364,12.2901016447776,1.57079632652946,219.804639354838,-100.000000001454,1
34.3485871467867,12.2859734069848,1.57079632654107,220.050420287225,-100.00000000139,1
34.368592148037,12.2779612977994,1.57079632655216,220.296040933132,-100.000000001329,1
34.3885971492873,12.2696756226275,1.57079632656276,220.541495831101,-100.000000001271,1
34.4086021505376,12.2647147886336,1.57079632657289,220.786851461681,-100.000000001215,1
34.4286071517879,12.2695830112188,1.57079632658259,221.032304466248,-100.000000001162,1
34.4486121530383,12.2754477198781,1.57079632659187,221.277874808936,-100.000000001111,1
34.4686171542886,12.2745656672153,1.57079632660075,221.523427520548,-100.000000001062,1
34.4886221555389,12.2665072219397,1.57079632660924,221.768819039831,-100.000000001016,1
34.5086271567892,12.2552612959532,1.57079632661734,222.013985578032,-100.000000000971,1
34.5286321580395,12.2495737102823,1.57079632662509,222.259038316642,-100.000000000929,1
34.5486371592898,12.2482947411602,1.5707963266325,222.504065473043,-100.000000000888,1
34.5686421605401,12.2521229241846,1.57079632663959,222.749169182013,-100.000000000849,1
34.5886471617904,12.2563840609724,1.57079632664638,222.99435817261,-100.000000000812,1
34.6086521630408,12.2520576589063,1.57079632665287,223.239460607103,-100.000000000776,1
34.6286571642911,12.2536694882819,1.57079632665908,223.484595264989,-100.000000000742,1
34.6486621655414,12.2544246013669,1.57079632666502,223.729745061056,-100.000000000709,1
34.6686671667917,12.2507778036637,1.5707963266707,223.974821882853,-100.000000000678,1
34.688672168042,12.2502240466787,1.57079632667614,224.219887637547,-100.000000000649,1
34.7086771692923,12.2405876860571,1.57079632668133,224.464760648139,-100.00000000062,1
34.7286821705426,12.2249286755278,1.57079632668629,224.709320389487,-100.000000000593,1
34.748687171793,12.2191100068085,1.57079632669102,224.953763693171,-100.000000000567,1
34.7686921730433,12.2188244159243,1.57079632669555,225.198201301798,-100.000000000542,1
34.7886971742936,12.2204989615648,1.57079632669988,225.442672376236,-100.000000000518,1
34.8087021755439,12.2257839292786,1.57079632670403,225.687249201924,-100.000000000496,1
34.8287071767942,12.2282599924647,1.570796326708,225.931875542219,-100.000000000474,1
34.8487121780445,12.2370415015811,1.57079632671181,226.176677549777,-100.000000000453,1
34.8687171792948,12.2473771763705,1.57079632671545,226.421686323587,-100.000000000433,1
34.8887221805451,12.2486691080591,1.57079632671893,226.666720986314,-100.000000000414,1
34.9087271817954,12.2411805264001,1.57079632672227,226.911605827178,-100.000000000396,1
34.9287321830458,12.2426583229697,1.57079632672545,227.156520203054,-100.000000000379,1
34.9487371842961,12.2487741574196,1.5707963267285,227.401556939553,-100.000000000362,1
34.9687421855464,12.2503124485507,1.57079632673142,227.646624455232,-100.000000000346,1
34.9887471867967,12.2472233029091,1.5707963267342,227.89163018839,-100.000000000331,1
35.008752188047,12.2392743141356,1.57079632673687,228.136476905942,-100.000000000316,1
35.0287571892973,12.2349978640848,1.57079632673941,228.381238049716,-100.000000000302,1
35.0487621905476,12.22788045718,1.57079632674184,228.625856854019,-100.000000000289,1
35.068767191798,12.2072434030066,1.57079632674416,228.870062824868,-100.000000000276,1
35.0887721930483,12.1953552280242,1.57079632674637,229.11403091517,-100.000000000264,1
35.1087771942986,12.1928883161018,1.57079632674849,229.357949681557,-100.000000000253,1
35.1287821955489,12.1870961640885,1.57079632675051,229.601752558468,-100.000000000242,1
35.1487871967992,12.1890952407855,1.57079632675245,229.845595410284,-100.000000000231,1
35.1687921980495,12.1988692486483,1.5707963267543,230.089633773475,-100.000000000221,1
35.1887971992998,12.2123601399728,1.57079632675608,230.333942025876,-100.000000000211,1
35.2088022005501,12.2172664641848,1.57079632675778,230.57834846721,-100.000000000202,1
35.2288072018004,12.2145526658531,1.57079632675941,230.82270060885,-100.000000000193,1
35.2488122030508,12.2130054085808,1.57079632676097,231.067021804692,-100.000000000185,1
35.2688172043011,12.2118692938684,1.57079632676245,231.311320261505,-100.000000000176,1
35.2888222055514,12.2184148420076,1.57079632676388,231.555749637626,-100.000000000169,1
35.3088272068017,12.2300620807038,1.57079632676524,231.800412022157,-100.000000000161,1
35.328832208052,12.2361513163985,1.57079632676654,232.0451962428,-100.000000000154,1
35.3488372093023,12.2396696302818,1.57079632676779,232.290050833661,-100.000000000147,1
35.3688422105526,12.2410039520238,1.57079632676899,232.534932145801,-100.000000000141,1
35.388847211803,12.2352338602924,1.57079632677013,232.779698027212,-100.000000000135,1
35.4088522130533,12.231725876385,1.57079632677122,233.024393720149,-100.000000000129,1
35.4288572143036,12.2257933164952,1.57079632677226,233.26897075853,-100.000000000123,1
35.4488622155539,12.2164846459128,1.57079632677325,233.513361560729,-100.000000000118,1
35.4688672168042,12.2168121675559,1.5707963267742,233.75775888722,-100.000000000113,1
35.4888722180545,12.2177255013779,1.57079632677511,234.002174516917,-100.000000000108,1
35.5088772193048,12.2183517807491,1.57079632677598,234.246602636662,-100.000000000103,1
35.5288822205551,12.22909223822,1.57079632677681,234.491245617162,-100.000000000098,1
35.5488872218055,12.2381297287547,1.57079632677761,234.7360694038,-100.000000000094,1
35.5688922230558,12.244482239199,1.57079632677837,234.9810202719,-100.00000000009,1
35.5888972243061,12.2510944607738,1.5707963267791,235.22610341683,-100.000000000086,1
35.6089022255564,12.2548179680092,1.57079632677979,235.471261065792,-100.000000000082,1
35.6289072268067,12.2600741574091,1.57079632678046,235.716523838116,-100.000000000079,1
35.648912228057,12.2620831836473,1.5707963267811,235.961826850521,-100.000000000075,1
35.6689172293073,12.2610491963563,1.57079632678171,236.207109131599,-100.000000000072,1
35.6889222305576,12.2664291271651,1.57079632678229,236.452499063833,-100.000000000069,1
35.708927231808,12.268816800382,1.57079632678285,236.697936744582,-100.000000000066,1
35.7289322330583,12.2684591769218,1.57079632678338,236.943367305755,-100.000000000063,1
35.7489372343086,12.2659390501705,1.57079632678389,237.188747419613,-100.00000000006,1
35.7689422355589,12.2689144078772,1.57079632678438,237.434187067875,-100.000000000057,1
35.7889472368092,12.2661630199634,1.57079632678484,237.679571687948,-100.000000000055,1
35.8089522380595,12.2625034112076,1.57079632678529,237.924883085619,-100.000000000052,1
35.8289572393098,12.2593469615766,1.57079632678571,238.170131350728,-100.00000000005,1
35.8489622405601,12.2588150968174,1.57079632678612,238.415368947696,-100.000000000048,1
35.8689672418105,12.2641056286349,1.5707963267865,238.660712387371,-100.000000000046,1
35.8889722430608,12.2673426584184,1.57079632678687,238.906120587179,-100.000000000044,1
35.9089772443111,12.2635549730298,1.57079632678723,239.151453045342,-100.000000000042,1
35.9289822455614,12.2623335792863,1.57079632678757,239.39676101861,-100.00000000004,1
35.9489872468117,12.2646665462414,1.57079632678789,239.642115707589,-100.000000000038,1
35.968992248062,12.2586645510546,1.5707963267882,239.887350313522,-100.000000000036,1
35.9889972493123,12.2606713052756,1.5707963267885,240.132625040612,-100.000000000035,1
36.0090022505626,12.2604955430989,1.57079632678878,240.377896291807,-100.000000000033,1
36.029007251813,12.2590611926622,1.57079632678905,240.623138805949,-100.000000000032,1
36.0490122530633,12.2644030902367,1.57079632678931,240.868488203218,-100.00000000003,1
36.0690172543136,12.2689353972615,1.57079632678955,241.113928250811,-100.000000000029,1
36.0890222555639,12.278551301766,1.57079632678979,241.359560661672,-100.000000000028,1
36.1090272568142,12.2813225324238,1.57079632679001,241.605248548759,-100.000000000027,1
36.1290322580645,12.2795442118536,1.57079632679023,241.850900837375,-100.000000000025,1
36.1490372593148,12.273243619776,1.57079632679044,242.096427133403,-100.000000000024,1
36.1690422605651,12.2632541437172,1.57079632679063,242.341753546809,-100.000000000023,1
36.1890472618155,12.2562716187355,1.57079632679082,242.586940312086,-100.000000000022,1
36.2090522630658,12.251673621,1.570796326791,242.83203503734,-100.000000000021,1
36.2290572643161,12.2611512826692,1.57079632679117,243.077319361899,-100.00000000002,1
36.2490622655664,12.2684041126498,1.57079632679133,243.322748792037,-100.000000000019,1
36.2690672668167,12.2713603045475,1.57079632679149,243.568237366924,-100.000000000019,1
36.289072268067,12.2762097566841,1.57079632679164,243.813822938239,-100.000000000018,1
36.3090772693173,12.2855251882432,1.57079632679178,244.059594862753,-100.000000000017,1
36.3290822705676,12.2893720859965,1.57079632679192,244.305443774218,-100.000000000016,1
36.349087271818,12.2845779390716,1.57079632679205,244.551196786187,-100.000000000015,1
36.3690922730683,12.2822900712589,1.57079632679218,244.796904007923,-100.000000000015,1
36.3890972743186,12.2881472861624,1.5707963267923,245.042728388246,-100.000000000014,1
36.4091022755689,12.2976356465895,1.57079632679241,245.288742583046,-100.000000000014,1
36.4291072768192,12.2971651393234,1.57079632679252,245.53474741535,-100.000000000013,1
36.4491122780695,12.2861326008899,1.57079632679263,245.7805315347,-100.000000000012,1
36.4691172793198,12.2791007658289,1.57079632679273,246.026174970582,-100.000000000012,1
36.4891222805701,12.2818526084319,1.57079632679282,246.271873422019,-100.000000000011,1
36.5091272818205,12.2842727676388,1.57079632679292,246.517620332221,-100.000000000011,1
36.5291322830708,12.2809718836869,1.570796326793,246.763301185025,-100.00000000001,1
36.5491372843211,12.2827689651138,1.57079632679309,247.009017990592,-100.00000000001,1
36.5691422855714,12.2815893700814,1.57079632679317,247.254711210688,-100.000000000009,1
36.5891472868217,12.2822057973064,1.57079632679324,247.500416738782,-100.000000000009,1
36.609152288072,12.2886196957884,1.57079632679332,247.746250575975,-100.000000000009,1
36.6291572893223,12.2932739768105,1.57079632679339,247.992177531974,-100.000000000008,1
36.6491622905726,12.2950129061414,1.57079632679345,248.238139278086,-100.000000000008,1
36.669167291823,12.2962639759,1.57079632679352,248.484126050936,-100.000000000008,1
36.6891722930733,12.2990458352062,1.57079632679358,248.730168468307,-100.000000000007,1
36.7091772943236,12.2946055276751,1.57079632679364,248.976122101202,-100.000000000007,1
36.7291822955739,12.2902337709291,1.57079632679369,249.221988224994,-100.000000000007,1
36.7491872968242,12.2930264861229,1.57079632679374,249.467910242648,-100.000000000006,1
36.7691922980745,12.2912337844088,1.5707963267938,249.713796390095,-100.000000000006,1
36.7891972993248,12.2908667270283,1.57079632679384,249.959675195912,-100.000000000006,1
36.8092023005751,12.2960993140697,1.57079632679389,250.205658650044,-100.000000000005,1
36.8292073018255,12.3032789003455,1.57079632679394,250.451785756799,-100.000000000005,1
36.8492123030758,12.3075706608106,1.57079632679398,250.697998705344,-100.000000000005,1
36.8692173043261,12.3136806495616,1.57079632679402,250.944333892553,-100.000000000005,1
36.8892223055764,12.3171631509293,1.57079632679406,251.190738750579,-100.000000000005,1
36.9092273068267,12.3197666620329,1.57079632679409,251.437195692291,-100.000000000004,1
36.929232308077,12.3260784697773,1.57079632679413,251.683778882655,-100.000000000004,1
36.9492373093273,12.328754825762,1.57079632679416,251.93041565394,-100.000000000004,1
36.9692423105776,12.3246344347767,1.5707963267942,252.17696998367,-100.000000000004,1
36.989247311828,12.3277866165912,1.57079632679423,252.423587351729,-100.000000000004,1
37.0092523130783,12.3274302628716,1.57079632679426,252.670197632984,-100.000000000004,1
37.0292573143286,12.3272445886811,1.57079632679428,252.916804150102,-100.000000000003,1
37.0492623155789,12.3351206672732,1.57079632679431,253.163568245593,-100.000000000003,1
37.0692673168292,12.3424303242537,1.57079632679434,253.410478553399,-100.000000000003,1
37.0892723180795,12.350811232943,1.57079632679436,253.657556536057,-100.000000000003,1
37.1092773193298,12.3509832062816,1.57079632679439,253.904637982985,-100.000000000003,1
37.1292823205801,12.3482680652662,1.57079632679441,254.151665100267,-100.000000000003,1
37.1492873218305,12.3492713808026,1.57079632679443,254.39871228559,-100.000000000003,1
37.1692923230808,12.3553096439235,1.57079632679445,254.645880244984,-100.000000000002,1
37.1892973243311,12.3652291909534,1.57079632679447,254.893246650161,-100.000000000002,1
37.2093023255814,12.3714380794528,1.57079632679449,255.140737276665,-100.000000000002,1
37.2293073268317,12.3703964118056,1.57079632679451,255.388207086464,-100.000000000002,1
37.249312328082,12.3720598331162,1.57079632679452,255.635710134361,-100.000000000002,1
37.2693173293323,12.3825853023382,1.57079632679454,255.883423744333,-100.000000000002,1
37.2893223305826,12.3872939448646,1.57079632679456,256.13123157971,-100.000000000002,1
37.309327331833,12.3819869981102,1.57079632679457,256.378933266451,-100.000000000002,1
37.3293323330833,12.3806630557931,1.57079632679459,256.62660842854,-100.000000000002,1
37.3493373343336,12.3875911902094,1.5707963267946,256.874422191511,-100.000000000002,1
37.3693423355839,12.386598754279,1.57079632679462,257.122216136344,-100.000000000002,1
37.3893473368342,12.3841304907764,1.57079632679463,257.36996067038,-100.000000000002,1
37.4093523380845,12.37779870281,1.57079632679464,257.617578594153,-100.000000000001,1
37.4293573393348,12.3634262320774,1.57079632679465,257.86490897175,-100.000000000001,1
37.4493623405851,12.3588343369831,1.57079632679466,258.112147467916,-100.000000000001,1
37.4693673418355,12.3539207227447,1.57079632679467,258.359287692219,-100.000000000001,1
37.4893723430858,12.3481186704732,1.57079632679468,258.60631182253,-100.000000000001,1
37.5093773443361,12.3389002373053,1.57079632679469,258.853151582323,-100.000000000001,1
37.5293823455864,12.3288043235061,1.5707963267947,259.099789327612,-100.000000000001,1
37.5493873468367,12.327320744505,1.57079632679471,259.346397402637,-100.000000000001,1
37.569392348087,12.316727635577,1.57079632679471,259.592793598187,-100.000000000001,1
37.5893973493373,12.3099352082163,1.57079632679472,259.839053851922,-100.000000000001,1
37.6094023505876,12.3182635364239,1.57079632679473,260.085480705202,-100.000000000001,1
37.629407351838,12.3205829859347,1.57079632679474,260.33195399888,-100.000000000001,1
37.6494123530883,12.3218789749641,1.57079632679475,260.578453179089,-100.000000000001,1
37.6694173543386,12.3198620903383,1.57079632679475,260.824912072797,-100.000000000001,1
37.6894223555889,12.3083350014952,1.57079632679476,261.071140345752,-100.000000000001,1
37.7094273568392,12.3084264045489,1.57079632679477,261.317370413101,-100.000000000001,1
37.7294323580895,12.3167656462341,1.57079632679477,261.56376730403,-100.000000000001,1
37.7494373593398,12.3221677559418,1.57079632679478,261.810272282156,-100.0,1
37.7694423605901,12.3184599639803,1.57079632679479,262.056703111305,-100.0,1
37.7894473618405,12.3150502861233,1.5707963267948,262.303065699943,-100.0,1
37.8094523630908,12.3151369395994,1.5707963267948,262.549430038022,-100.0,1
37.8294573643411,12.3160312451479,1.57079632679481,262.795812244852,-100.0,1
37.8494623655914,12.3236492332229,1.57079632679481,263.042346840264,-100.0,1
37.8694673668417,12.3342499700037,1.57079632679481,263.289093498829,-100.0,1
37.889472368092,12.3422199124231,1.57079632679482,263.53599961435,-100.0,1
37.9094773693423,12.3377547807634,1.57079632679482,263.782816446786,-100.0,1
37.9294823705926,12.3263517221563,1.57079632679482,264.029405149211,-100.0,1
37.949487371843,12.3239479204103,1.57079632679482,264.275945731707,-100.0,1
37.9694923730933,12.3262973147764,1.57079632679483,264.522533325406,-100.0,1
37.9894973743436,12.3215553234364,1.57079632679483,264.769026078213,-100.0,1
38.0095023755939,12.3166070070241,1.57079632679483,265.01541981593,-100.0,1
38.0295073768442,12.3197546581445,1.57079632679483,265.261876508476,-100.0,1
38.0495123780945,12.3152141837918,1.57079632679483,265.508242422655,-100.0,1
38.0695173793448,12.3060230454389,1.57079632679483,265.754424431996,-100.0,1
38.0895223805951,12.3054372186226,1.57079632679483,266.000594718642,-100.0,1
38.1095273818455,12.3069451149988,1.57079632679483,266.246795163842,-100.0,1
38.1295323830958,12.3062925883132,1.57079632679483,266.49298257365,-100.0,1
38.1495373843461,12.3081397511771,1.57079632679483,266.739206903233,-100.0,1
38.1695423855964,12.315190294902,1.57079632679484,266.985572288836,-100.0,1
38.1895473868467,12.3128107236558,1.57079632679484,267.231890107419,-100.0,1
38.209552388097,12.3043164144799,1.57079632679484,267.478037988158,-100.0,1
38.2295573893473,12.3006832743436,1.57079632679484,267.724113173678,-100.0,1
38.2495623905977,12.292156036817,1.57079632679484,267.970017811858,-100.0,1
38.269567391848,12.2804322821696,1.57079632679484,268.215687888576,-100.0,1
38.2895723930983,12.2736417998471,1.57079632679484,268.461222127304,-100.0,1
38.3095773943486,12.2754271248025,1.57079632679484,268.706792032466,-100.0,1
38.3295823955989,12.2818204934604,1.57079632679484,268.952489867269,-100.0,1
38.3495873968492,12.2796983786259,1.57079632679484,269.198145258783,-100.0,1
38.3695923980995,12.2781652769793,1.57079632679484,269.443769967202,-100.0,1
38.3895973993498,12.2732902397852,1.57079632679484,269.689297181755,-100.0,1
38.4096024006001,12.2714953978652,1.57079632679484,269.934788441203,-100.0,1
38.4296074018505,12.2759009902419,1.57079632679484,270.180367856924,-100.0,1
38.4496124031008,12.2740065809924,1.57079632679484,270.425909382248,-100.0,1
38.4696174043511,12.2754799428078,1.57079632679484,270.671480357487,-100.0,1
38.4896224056014,12.2819555448293,1.57079632679484,270.917180878798,-100.0,1
38.5096274068517,12.2843472703588,1.57079632679484,271.162929265214,-100.0,1
38.529632408102,12.2881166709605,1.57079632679484,271.408753031513,-100.0,1
38.5496374093523,12.2959647667466,1.57079632679484,271.654733807623,-100.0,1
38.5696424106027,12.2949018373267,1.57079632679484,271.900693355076,-100.0,1
38.589647411853,12.2841121167668,1.57079632679484,272.146437064924,-100.0,1
38.6096524131033,12.2832170630317,1.57079632679484,272.392162808201,-100.0,1
38.6296574143536,12.2940735198935,1.57079632679484,272.638105741588,-100.0,1
38.6496624156039,12.2959959513687,1.57079632679484,272.884087170719,-100.0,1
38.6696674168542,12.294243411037,1.57079632679484,273.130033518513,-100.0,1
38.6896724181045,12.2997817952112,1.57079632679484,273.376090648504,-100.0,1
38.7096774193548,12.2997103249405,1.57079632679484,273.622146390859,-100.0,1
38.7296824206052,12.288246421185,1.57079632679484,273.867972809825,-100.0,1
38.7496874218555,12.2773237720185,1.57079632679484,274.113580705689,-100.0,1
38.7696924231058,12.2726355776259,1.57079632679484,274.359094799565,-100.0,1
38.7896974243561,12.2765565863524,1.57079632679484,274.604687305772,-100.0,1
38.8097024256064,12.2853297707054,1.57079632679484,274.850455324447,-100.0,1
38.8297074268567,12.2943211415556,1.57079632679484,275.096403209186,-100.0,1
38.849712428107,12.3008389283782,1.57079632679484,275.342481501312,-100.0,1
38.8697174293573,12.3079471237031,1.57079632679484,275.588701969734,-100.0,1
38.8897224306077,12.3116908793809,1.57079632679484,275.83499737332,-100.0,1
38.909727431858,12.3047032185519,1.57079632679484,276.081152998694,-100.0,1
38.9297324331083,12.3047495422731,1.57079632679484,276.327309505099,-100.0,1
38.9497374343586,12.3112238590188,1.57079632679484,276.573595546281,-100.0,1
38.9697424356089,12.3124766793983,1.57079632679484,276.819906659297,-100.0,1
38.9897474368592,12.3136426113047,1.57079632679484,277.066241087563,-100.0,1
39.0097524381095,12.3157895465714,1.57079632679484,277.312618470064,-100.0,1
39.0297574393598,12.3186706155646,1.57079632679484,277.55905347964,-100.0,1
39.0497624406102,12.3208865527169,1.57079632679484,277.805532831512,-100.0,1
39.0697674418605,12.3214076950782,1.57079632679484,278.052022604223,-100.0,1
39.0897724431108,12.3224654491438,1.57079632679484,278.298533539457,-100.0,1
39.1097774443611,12.3250264501849,1.57079632679484,278.545095697747,-100.0,1
39.1297824456114,12.3282591479175,1.57079632679484,278.791722533017,-100.0,1
39.1497874468617,12.3297930999605,1.57079632679484,279.03838005632,-100.0,1
39.169792448112,12.3312189892274,1.57079632679484,279.285066103697,-100.0,1
39.1897974493623,12.3281200749437,1.57079632679484,279.531690180796,-100.0,1
39.2098024506127,12.3243428496558,1.57079632679484,279.778238673408,-100.0,1
39.229807451863,12.3303043775693,1.57079632679484,280.024906399648,-100.0,1
39.2498124531133,12.3338347787328,1.57079632679484,280.271644791521,-100.0,1
39.2698174543636,12.3306269161205,1.57079632679484,280.518319002288,-100.0,1
39.2898224556139,12.3268728209332,1.57079632679484,280.764918123221,-100.0,1
39.3098274568642,12.3263430441985,1.57079632679484,281.011506618611,-100.0,1
39.3298324581145,12.3332858197528,1.57079632679484,281.258233995197,-100.0,1
39.3498374593648,12.3433816243414,1.57079632679484,281.50516333193,-100.0,1
39.3698424606152,12.3474693490001,1.57079632679484,281.752174480274,-100.0,1
39.3898474618655,12.3462632734135,1.57079632679484,281.999161489673,-100.0,1
39.4098524631158,12.3454170744879,1.57079632679484,282.246131580826,-100.0,1
39.4298574643661,12.3460703600375,1.57079632679484,282.493114723192,-100.0,1
39.4498624656164,12.3492511431172,1.57079632679484,282.740161502773,-100.0,1
39.4698674668667,12.3415630597202,1.57079632679484,282.98705453078,-100.0,1
39.489872468117,12.3263193781476,1.57079632679484,283.233642596852,-100.0,1
39.5098774693673,12.3199825151451,1.57079632679484,283.480103861849,-100.0,1
39.5298824706177,12.3170371372059,1.57079632679484,283.726506220548,-100.0,1
39.549887471868,12.3103270850145,1.57079632679484,283.9727743471,-100.0,1
39.5698924731183,12.3080414018837,1.57079632679484,284.218996723934,-100.0,1
39.5898974743686,12.304994837878,1.57079632679484,284.465158183235,-100.0,1
39.6099024756189,12.3049373445078,1.57079632679484,284.711318447841,-100.0,1
39.6299074768692,12.3097917401877,1.57079632679484,284.957575845513,-100.0,1
39.6499124781195,12.306543458898,1.57079632679484,285.20376828055,-100.0,1
39.6699174793698,12.2932512521857,1.57079632679484,285.449694835629,-100.0,1
39.6899224806202,12.2776712285258,1.57079632679484,285.695309692612,-100.0,1
39.7099274818705,12.268798672625,1.57079632679484,285.940747040618,-100.0,1
39.7299324831208,12.2685362461422,1.57079632679484,286.186179109432,-100.0,1
39.7499374843711,12.26637698658,1.57079632679484,286.431568021506,-100.0,1
39.7699424856214,12.253455976417,1.57079632679484,286.676698462819,-100.0,1
39.7899474868717,12.2503215809764,1.57079632679484,286.921766137402,-100.0,1
39.809952488122,12.2536978681462,1.57079632679484,287.166901385904,-100.0,1
39.8299574893723,12.2491490125312,1.57079632679484,287.411945642566,-100.0,1
39.8499624906227,12.2388265212221,1.57079632679484,287.656783418568,-100.0,1
39.869967491873,12.2328835559956,1.57079632679484,287.901502262708,-100.0,1
39.8899724931233,12.2381436411003,1.57079632679484,288.146326321979,-100.0,1
39.9099774943736,12.245479002393,1.57079632679484,288.391297127725,-100.0,1
39.9299824956239,12.2495456783018,1.57079632679484,288.636349301081,-100.0,1
39.9499874968742,12.2471862260109,1.57079632679484,288.881354291911,-100.0,1
39.9699924981245,12.2506594437252,1.57079632679484,289.126428716926,-100.0,1
39.9899974993748,12.2637190293625,1.57079632679484,289.37176439865,-100.0,1
40.0100025006252,12.2716280648644,1.57079632679484,289.617258326684,-100.0,1
40.0300075018755,12.2693987881074,1.57079632679484,289.862707682674,-100.0,1
40.0500125031258,12.2721045664017,1.57079632679484,290.10821111847,-100.0,1
40.0700175043761,12.2797246778527,1.57079632679484,290.353867019214,-100.0,1
40.0900225056264,12.2839994712835,1.57079632679484,290.599608429383,-100.0,1
40.1100275068767,12.2876832862074,1.57079632679484,290.845423545011,-100.0,1
40.130032508127,12.2844678492561,1.57079632679484,291.091174359631,-100.0,1
40.1500375093773,12.2801113499956,1.57079632679484,291.336838004522,-100.0,1
40.1700425106277,12.2694392627133,1.57079632679484,291.582288203721,-100.0,1
40.190047511878,12.2597949901872,1.57079632679484,291.827545415089,-100.0,1
40.2100525131283,12.2660439546851,1.57079632679484,292.0729276112,-100.0,1
40.2300575143786,12.2742639507528,1.57079632679484,292.318474264012,-100.0,1
40.2500625156289,12.2780935932121,1.57079632679484,292.564097535265,-100.0,1
40.2700675168792,12.2856374985921,1.57079632679484,292.809871697407,-100.0,1
40.2900725181295,12.2840095907829,1.57079632679484,293.055613363728,-100.0,1
40.3100775193798,12.281185433103,1.57079632679484,293.301298469261,-100.0,1
40.3300825206302,12.2886415425714,1.57079632679484,293.547132745431,-100.0,1
40.3500875218805,12.2974421618653,1.57079632679484,293.793143060278,-100.0,1
40.3700925231308,12.3030640983656,1.57079632679484,294.039265875271,-100.0,1
40.3900975243811,12.3041408428926,1.57079632679484,294.285410220552,-100.0,1
40.4101025256314,12.3077099526319,1.57079632679484,294.53162596321,-100.0,1
40.4301075268817,12.3081430940493,1.57079632679484,294.777850389152,-100.0,1
40.450112528132,12.3114880504224,1.57079632679484,295.024141698478,-100.0,1
40.4701175293823,12.3213089684989,1.57079632679484,295.270629474652,-100.0,1
40.4901225306327,12.3178295383883,1.57079632679484,295.517047711932,-100.0,1
40.510127531883,12.3057966899723,1.57079632679484,295.763225209333,-100.0,1
40.5301325331333,12.3012059507644,1.57079632679484,296.00931085397,-100.0,1
40.5501375343836,12.2959626019433,1.57079632679484,296.255291623317,-100.0,1
40.5701425356339,12.2862811888505,1.57079632679484,296.50107872076,-100.0,1
40.5901475368842,12.2805814924616,1.57079632679484,296.746751771235,-100.0,1
40.6101525381345,12.2847776962637,1.57079632679484,296.992508741127,-100.0,1
40.6301575393848,12.2853483834133,1.57079632679484,297.238277170625,-100.0,1
40.6501625406352,12.2759727999167,1.57079632679484,297.48385804961,-100.0,1
40.6701675418855,12.2703675778129,1.57079632679484,297.729326769494,-100.0,1
40.6901725431358,12.2718912268227,1.57079632679484,297.9748259601,-100.0,1
40.7101775443861,12.2738816542909,1.57079632679484,298.22036497642,-100.0,1
40.7301825456364,12.2753513309317,1.57079632679484,298.46593338926,-100.0,1
40.7501875468867,12.2796494093971,1.57079632679484,298.711587775225,-100.0,1
40.770192548137,12.2859595451739,1.57079632679484,298.95736839497,-100.0,1
40.7901975493873,12.2953938469047,1.57079632679484,299.203337732768,-100.0,1
40.8102025506377,12.3001255904951,1.57079632679484,299.449401767183,-100.0,1
40.830207551888,12.2802835380343,1.57079632679484,299.695068947614,-100.0,1
40.8502125531383,12.2628812346528,1.57079632679484,299.940387899958,-100.0,1
40.8702175543886,12.2650343426134,1.57079632679484,300.18574991855,-100.0,1
40.8902225556389,12.2690112334977,1.57079632679484,300.431191492121,-100.0,1
40.9102275568892,12.2714503314361,1.57079632679484,300.676681870141,-100.0,1
40.9302325581395,12.2619604476794,1.57079632679484,300.921982452839,-100.0,1
40.9502375593898,12.2591148445417,1.57079632679484,301.167226028462,-100.0,1
40.9702425606402,12.2666055461868,1.57079632679484,301.412619480965,-100.0,1
40.9902475618905,12.2601413454534,1.57079632679484,301.657883662703,-100.0,1
41.0102525631408,12.2575913243179,1.57079632679484,301.903096768306,-100.0,1
41.0302575643911,12.2688242879558,1.57079632679484,302.148534580322,-100.0,1
41.0502625656414,12.2723651836199,1.57079632679484,302.394043274992,-100.0,1
41.0702675668917,12.2693853961926,1.57079632679484,302.639492346967,-100.0,1
41.090272568142,12.2713765237191,1.57079632679484,302.884981238019,-100.0,1
41.1102775693923,12.2738850315918,1.57079632679484,303.130520321906,-100.0,1
41.1302825706427,12.2793294977909,1.57079632679484,303.376168298067,-100.0,1
41.150287571893,12.2813346876065,1.57079632679484,303.621856428197,-100.0,1
41.1702925731433,12.2786829227286,1.57079632679484,303.867491495134,-100.0,1
41.1902975743936,12.2735137636931,1.57079632679484,304.113023179443,-100.0,1
41.2103025756439,12.2685552120288,1.57079632679484,304.358455641987,-100.0,1
41.2303075768942,12.2609389748696,1.57079632679484,304.603735779423,-100.0,1
41.2503125781445,12.2538362636011,1.57079632679484,304.848873789069,-100.0,1
41.2703175793948,12.2516142233452,1.57079632679484,305.093967358159,-100.0,1
41.2903225806452,12.2535140150598,1.57079632679484,305.339098901308,-100.0,1
41.3103275818955,12.262854098317,1.57079632679484,305.584417284956,-100.0,1
41.3303325831458,12.2658792575683,1.57079632679484,305.82979622586,-100.0,1
41.3503375843961,12.2643516663049,1.57079632679484,306.075144593608,-100.0,1
41.3703425856464,12.2654053037851,1.57079632679484,306.320514039273,-100.0,1
41.3903475868967,12.2603299695315,1.57079632679484,306.565781983615,-100.0,1
41.410352588147,12.256008936919,1.57079632679484,306.810963453239,-100.0,1
41.4303575893973,12.2541504324142,1.57079632679484,307.056107761433,-100.0,1
41.4503625906477,12.2480646797221,1.57079632679484,307.301130328559,-100.0,1
41.470367591898,12.2483067512321,1.57079632679484,307.546157702579,-100.0,1
41.4903725931483,12.2506965308069,1.57079632679484,307.79123290663,-100.0,1
41.5103775943986,12.256564909923,1.57079632679484,308.036425469326,-100.0,1
41.5303825956489,12.2690279313351,1.57079632679484,308.281867357304,-100.0,1
41.5503875968992,12.2757304090415,1.57079632679484,308.527443354799,-100.0,1
41.5703925981495,12.2830951080284,1.57079632679484,308.773166655297,-100.0,1
41.5903975993999,12.2822898478738,1.57079632679484,309.018873913128,-100.0,1
41.6104026006502,12.2765451792984,1.57079632679484,309.264466212058,-100.0,1
41.6304076019005,12.2835434908946,1.57079632679484,309.510198482471,-100.0,1
41.6504126031508,12.2936111337552,1.57079632679484,309.756132168158,-100.0,1
41.6704176044011,12.3010390569847,1.57079632679484,310.002214451521,-100.0,1
41.6904226056514,12.3038672852279,1.57079632679484,310.248353334682,-100.0,1
41.7104276069017,12.3095751510322,1.57079632679484,310.494606369909,-100.0,1
41.730432608152,12.3149453970705,1.57079632679484,310.74096686963,-100.0,1
41.7504376094023,12.3142421538766,1.57079632679484,310.987313301314,-100.0,1
41.7704426106527,12.3149411549177,1.57079632679484,311.233673709188,-100.0,1
41.790447611903,12.315183826564,1.57079632679484,311.480038980699,-100.0,1
41.8104526131533,12.3148955739842,1.57079632679484,311.726398480147,-100.0,1
41.8304576144036,12.3144916507279,1.57079632679484,311.972749904778,-100.0,1
41.8504626156539,12.3079100121067,1.57079632679484,312.218969689443,-100.0,1
41.8704676169042,12.294356005241,1.57079632679484,312.46491833761,-100.0,1
41.8904726181545,12.2897591456877,1.57079632679484,312.710774970421,-100.0,1
41.9104776194049,12.2789952244286,1.57079632679484,312.956416352049,-100.0,1
41.9304826206552,12.2686114842627,1.57079632679484,313.201849931343,-100.0,1
41.9504876219055,12.2663213502675,1.57079632679484,313.447237724724,-100.0,1
41.9704926231558,12.2575638022296,1.57079632679484,313.692450330087,-100.0,1
41.9904976244061,12.2482759365271,1.57079632679484,313.937477128247,-100.0,1
42.0105026256564,12.2422506214587,1.57079632679484,314.18238337679,-100.0,1
42.0305076269067,12.2474143896177,1.57079632679484,314.427392882502,-100.0,0
42.050512628157,12.260572693592,1.57079632679484,314.672665619894,-100.0,0
42.0705176294074,12.2736275728082,1.57079632679484,314.918199520835,-100.0,0
42.0905226306577,12.2864192196168,1.57079632679484,315.163989319364,-100.0,0
42.110527631908,12.298949705501,1.57079632679484,315.410029790943,-100.0,0
42.1305326331583,12.3112242964354,1.57079632679484,315.656315816381,-100.0,0
42.1505376344086,12.3232482169053,1.57079632679484,315.902842381001,-100.0,0
42.1705426356589,12.3350265860499,1.57079632679484,316.149604572537,-100.0,0
42.1905476369092,12.3465644184936,1.57079632679484,316.396597579039,-100.0,0
42.2105526381595,12.3578666264529,1.57079632679484,316.643816686826,-100.0,0
42.2305576394099,12.3689380218277,1.57079632679484,316.891257278481,-100.0,0
42.2505626406602,12.3797833182497,1.57079632679484,317.138914830881,-100.0,0
42.2705676419105,12.3904071330893,1.57079632679484,317.386784913277,-100.0,0
42.2905726431608,12.4008139894215,1.57079632679484,317.6348631854,-100.0,0
42.3105776444111,12.4110083179513,1.57079632679484,317.883145395623,-100.0,0
42.3305826456614,12.4209944589006,1.57079632679484,318.13162737914,-100.0,0
42.3505876469117,12.4307766638554,1.57079632679484,318.380305056202,-100.0,0
42.370592648162,12.4403590975765,1.57079632679484,318.629174430374,-100.0,0
42.3905976494124,12.4497458397722,1.57079632679484,318.878231586837,-100.0,0
42.4106026506627,12.4589408868355,1.57079632679484,319.127472690719,-100.0,0
42.430607651913,12.4679481535455,1.57079632679484,319.376893985464,-100.0,0
42.4506126531633,12.4767714747338,1.56808312986815,319.626491214079,-99.99966137011,0
42.4706176544136,12.4854146069179,1.5629962645888,319.87625740019,-99.9983482216698,0
42.4906226556639,12.4938812298997,1.55795773036265,320.1261831234,-99.9957688628069,0
42.5106276569142,12.5021749483327,1.55296112522929,320.376258672252,-99.9919329832733,0
42.5306326581645,12.5102992932566,1.54800069067563,320.626474533983,-99.9868488541887,0
42.5506376594149,12.5182577236004,1.54307125281629,320.876821366311,-99.9805234746704,0
42.5706426606652,12.5260536276552,1.53816816871627,321.127289973037,-99.9729627054015,0
42.5906476619155,12.533690324517,1.5332872774147,321.377871282966,-99.9641713902236,0
42.6106526631658,12.5411710654993,1.52842485524675,321.628556331721,-99.9541534667611,0
42.6306576644161,12.5484990355176,1.52357757509558,321.879336246082,-99.942912066998,0
42.6506626656664,12.5556773544456,1.51874246923776,322.130202230521,-99.9304496086602,0
42.6706676669167,12.5627090784431,1.5139168954745,322.381145555665,-99.916767878183,0
42.690672668167,12.5695972012572,1.50909850626676,322.632157548423,-99.901868105984,0
42.7106776694174,12.5763446554973,1.50428522061668,322.883229583581,-99.8857510347007,0
42.7306826706677,12.582954313883,1.49947519845918,323.134353076675,-99.8684169810003,0
42.750687671918,12.5894289904677,1.49466681734771,323.385519477973,-99.8498658915179,0
42.7706926731683,12.5957714418365,1.48985865123631,323.636720267425,-99.8300973934348,0
42.7906976744186,12.6019843682797,1.48504945117683,323.88794695046,-99.8091108401652,0
42.8107026756689,12.6080704149426,1.48023812776548,324.139191054517,-99.786905352582,0
42.8307076769192,12.6140321729515,1.47542373518673,324.390444126212,-99.7634798561754,0
42.8507126781695,12.6198721805173,1.47060545671579,324.641697729061,-99.7388331145052,0
42.8707176794199,12.6255929240153,1.46578259155216,324.892943441678,-99.7129637592787,0
42.8907226806702,12.6311968390448,1.46095454286792,325.144172856386,-99.6858703173563,0
42.9107276819205,12.6366863114651,1.45612080696419,325.395377578187,-99.6575512349626,0
42.9307326831708,12.6420636784121,1.45128096343817,325.646549224029,-99.6280048993566,0
42.9507376844211,12.6473312292926,1.4464346662716,325.897679422343,-99.5972296581932,0
42.9707426856714,12.6524912067597,1.44158163575898,326.148759812791,-99.565223836788,0
42.9907476869217,12.6575458076669,1.43672165120111,326.399782046204,-99.5319857534804,0
43.010752688172,12.6624971840041,1.43185454429548,326.650737784683,-99.4975137332702,0
43.0307576894224,12.6673474438133,1.42698019316132,326.901618701815,-99.4618061198921,0
43.0507626906727,12.6720986520863,1.42209851694241,327.152416483015,-99.4248612864739,0
43.070767691923,12.6767528316439,1.4172094709353,327.403122825938,-99.3866776449139,0
43.0907726931733,12.6813119639969,1.41231304219569,327.653729440968,-99.3472536541012,0
43.1107776944236,12.6857779901901,1.40740924557941,327.904228051767,-99.3065878270898,0
43.1307826956739,12.6901528116284,1.40249812017832,328.154610395851,-99.2646787373294,0
43.1507876969242,12.6944382908862,1.39757972611506,328.404868225207,-99.2215250240466,0
43.1707926981745,12.698636252501,1.39265414166355,328.654993306929,-99.1771253968595,0
43.1907976994249,12.7027484837493,1.38772146066511,328.904977423858,-99.1314786397051,0
43.2108027006752,12.7067767354084,1.38278179021284,329.154812375234,-99.0845836141478,0
43.2308077019255,12.7107227225012,1.37783524857913,329.404489977343,-99.0364392621337,0
43.2508127031758,12.7145881250267,1.37288196336349,329.654002064158,-98.9870446082489,0
43.2708177044261,12.7183745886749,1.36792206983991,329.903340487968,-98.9363987615334,0
43.2908227056764,12.722083725528,1.3629557094849,330.152497119996,-98.8845009168997,0
43.3108277069267,12.7257171147461,1.35798302866881,330.401463850993,-98.8313503561979,0
43.330832708177,12.7292763032401,1.35300417749487,330.650232591819,-98.7769464489684,0
43.3508377094274,12.7327628063299,1.34801930877158,330.898795273998,-98.7212886529158,0
43.3708427106777,12.7361781083898,1.34302857710553,331.147143850256,-98.664376514138,0
43.390847711928,12.7395236634801,1.33803213810279,331.395270295026,-98.606209667138,0
43.4108527131783,12.7428008959668,1.33303014766817,331.64316660494,-98.5467878346458,0
43.4308577144286,12.7460112011273,1.32802276139257,331.890824799287,-98.4861108272738,0
43.4508627156789,12.749155945745,1.32301013401956,332.138236920449,-98.424178543027,0
43.4708677169292,12.7522364686908,1.31799241898321,332.385395034317,-98.3609909666873,0
43.4908727181795,12.7552540814936,1.3129697680098,332.632291230677,-98.2965481690892,0
43.5108777194299,12.7582100688981,1.30794233077685,332.87891762357,-98.230850306303,0
43.5308827206802,12.7611056894122,1.30291025462345,333.125266351638,-98.1638976187387,0
43.5508877219305,12.7639421758426,1.29787368430643,333.371329578437,-98.0956904301837,0
43.5708927231808,12.7667207358199,1.29283276179758,333.617099492733,-98.0262291467855,0
43.5908977244311,12.7694425523124,1.28778762611726,333.862568308777,-97.9555142559891,0
43.6109027256814,12.77210878413,1.28273841320058,334.107728266554,-97.8835463254386,0
43.6309077269317,12.7747205664176,1.27768525579234,334.352571632021,-97.8103260018504,0
43.650912728182,12.7772790111382,1.27262828336765,334.597090697316,-97.7358540098655,0
43.6709177294324,12.7797852075463,1.267567622075,334.841277780958,-97.6601311508869,0
43.6909227306827,12.782240222652,1.26250339469935,335.085125228024,-97.5831583019084,0
43.710927731933,12.7846451016747,1.25743572064269,335.32862541031,-97.5049364143378,0
43.7309327331833,12.7870008684888,1.25236471591992,335.571770726481,-97.4254665128217,0
43.7509377344336,12.789308526059,1.24729049316817,335.8145536022,-97.3447496940729,0
43.7709427356839,12.7915690568675,1.24221316166768,336.056966490252,-97.2627871257052,0
43.7909477369342,12.7937834233326,1.23713282737282,336.299001870643,-97.1795800450784,0
43.8109527381845,12.7959525682179,1.23204959295168,336.540652250698,-97.095129758155,0
43.8309577394349,12.7980774150342,1.22696355783304,336.781910165144,-97.009437638372,0
43.8509627406852,12.8001588684323,1.22187481825969,337.022768176179,-96.9225051255289,0
43.8709677419355,12.8021978145885,1.21678346734686,337.263218873538,-96.8343337246927,0
43.8909727431858,12.8041951215814,1.21168959514506,337.503254874543,-96.7449250051228,0
43.9109777444361,12.8061516397621,1.20659328870645,337.742868824147,-96.6542805992159,0
43.9309827456864,12.8080682021157,1.20149463215398,337.982053394976,-96.5624022014707,0
43.9509877469367,12.8099456246162,1.19639370675282,338.220801287354,-96.4692915674756,0
43.970992748187,12.8117847065739,1.19129059098332,338.45910522933,-96.3749505129172,0
43.9909977494374,12.8135862309758,1.18618536061516,338.69695797669,-96.2793809126118,0
44.0110027506877,12.8153509648184,1.1810780887822,338.934352312977,-96.1825846995594,0
44.031007751938,12.8170796594352,1.17596884605761,339.171281049493,-96.08456386402,0
44.0510127531883,12.8187730508156,1.17085770052908,339.4077370253,-95.9853204526128,0
44.0710177544386,12.8204318599189,1.16574471787362,339.643713107226,-95.8848565674384,0
44.0910227556889,12.8220567929811,1.16062996143186,339.879202189852,-95.7831743652227,0
44.1110277569392,12.8236485418154,1.1555134922816,340.11419719551,-95.6802760564841,0
44.1310327581895,12.8252077841069,1.15039536931037,340.348691074271,-95.5761639047213,0
44.1510377594399,12.8267351837011,1.14527564928688,340.582676803931,-95.4708402256241,0
44.1710427606902,12.8282313908864,1.14015438693121,340.816147389996,-95.364307386305,0
44.1910477619405,12.8296970426712,1.1350316349837,341.049095865667,-95.2565678045515,0
44.2110527631908,12.8311327630549,1.12990744427233,341.281515291822,-95.1476239480995,0
44.2310577644411,12.8325391632938,1.12478186377856,341.513398756993,-95.0374783339264,0
44.2510627656914,12.8339168421609,1.1196549407017,341.744739377352,-94.9261335275638,0
44.2710677669417,12.8352663862015,1.11452672052151,341.975530296684,-94.8135921424297,0
44.291072768192,12.8365883699821,1.10939724705923,342.205764686371,-94.6998568391794,0
44.3110777694424,12.8378833563358,1.10426656253693,342.435435745368,-94.5849303250739,0
44.3310827706927,12.8391518966014,1.09913470763514,342.664536700181,-94.4688153533671,0
44.351087771943,12.8403945308584,1.09400172154875,342.89306080485,-94.3515147227093,0
44.3710927731933,12.8416117881568,1.08886764204133,343.121001340921,-94.2330312765677,0
44.3910977744436,12.8428041867423,1.08373250549764,343.348351617432,-94.1133679026636,0
44.4111027756939,12.8439722342773,1.07859634697454,343.575104970892,-93.9925275324244,0
44.4311077769442,12.8451164280565,1.07345920025028,343.801254765259,-93.8705131404517,0
44.4511127781945,12.8462372552191,1.06832109787206,344.026794391924,-93.7473277440034,0
44.4711177794449,12.8473351929557,1.0631820712021,344.251717269695,-93.6229744024907,0
44.4911227806952,12.8484107087122,1.0580421504621,344.476016844776,-93.4974562169887,0
44.5111277819455,12.849464260388,1.05290136477614,344.69968659076,-93.3707763297598,0
44.5311327831958,12.8504962965314,1.04775974221213,344.922720008607,-93.2429379237913,0
44.5511377844461,12.8515072565306,1.04261730982173,345.145110626636,-93.1139442223437,0
44.5711427856964,12.8524975708006,1.03747409367891,345.366852000514,-92.9837984885124,0
44.5911477869467,12.8534676609665,1.03233011891705,345.587937713245,-92.8525040248003,0
44.611152788197,12.854417940043,1.02718540976475,345.808361375162,-92.7200641727019,0
44.6311577894474,12.8553488126102,1.02203998958026,346.028116623918,-92.5864823122979,0
44.6511627906977,12.856260674986,1.01689388088469,346.247197124488,-92.4517618618604,0
44.671167791948,12.8571539153948,1.01174710539394,346.465596569157,-92.3159062774678,0
44.6911727931983,12.8580289141325,1.00659968404944,346.683308677522,-92.1789190526298,0
44.7111777944486,12.8588860437288,1.00145163704777,346.900327196492,-92.0408037179209,0
44.7311827956989,12.8597256691056,0.996302983869075,347.116645900288,-91.9015638406239,0
44.7511877969492,12.8605481477324,0.991153743304474,347.332258590447,-91.7612030243809,0
44.7711927981996,12.8613538297785,0.986003933482358,347.547159095824,-91.6197249088534,0
44.7911977994499,12.862143058262,0.980853571893712,347.761341272604,-91.4771331693896,0
44.8112028007002,12.862916169196,0.975702675416444,347.974799004301,-91.3334315166996,0
44.8312078019505,12.8636734917316,0.970551260338773,348.187526201777,-91.1886236965387,0
44.8512128032008,12.8644153482979,0.96539934238171,348.399516803245,-91.0427134893961,0
44.8712178044511,12.8651420547395,0.960246936720645,348.61076477429,-90.8957047101923,0
44.8912228057014,12.8658539204508,0.955094058006111,348.821264107877,-90.747601207981,0
44.9112278069517,12.8665512485077,0.949940720383726,349.031008824367,-90.598406865659,0
44.931232808202,12.8672343357968,0.944786937513344,349.239992971542,-90.4481255996811,0
44.9512378094524,12.8679034731418,0.939632722587461,349.448210624617,-90.2967613597809,0
44.9712428107027,12.868558945427,0.9344780883489,349.655655886264,-90.1443181286972,0
44.991247811953,12.869201031719,0.929323047107776,349.862322886633,-89.9907999219058,0
45.0112528132033,12.8698300053853,0.924167610757816,350.06820578338,-89.836210787356,0
45.0312578144536,12.8625869451294,0.919014938382567,350.273174015066,-89.6806504348184,1
45.0512628157039,12.8492679924211,0.913867469634966,350.47712697797,-89.52419871699,1
45.0712678169542,12.8358741914922,0.908725239898013,350.6800605755,-89.3668639425228,1
45.0912728182046,12.8306302909871,0.903584991349163,350.882099765952,-89.208552358049,1
45.1112778194549,12.8134477888504,0.898451511579123,351.083054178191,-89.0494189979298,1
45.1312828207052,12.7988978467165,0.893323753035731,351.282961706111,-88.8894380479277,1
45.1512878219555,12.7930470798813,0.888198234275241,351.481955576323,-88.7285080857368,1
45.1712928232058,12.7813693213517,0.883077296410226,351.679941549158,-88.5667086553986,1
45.1912978244561,12.7721410163522,0.877959962500353,351.87695416987,-88.4040152459756,1
45.2113028257064,12.7659589467169,0.872845016355001,352.073036909901,-88.2403952706836,1
45.2313078269567,12.764633495534,0.867730517101195,352.268259780735,-88.0757914655951,1
45.251312828207,12.7590751142257,0.862618163838895,352.462554037989,-87.910263918948,1
45.2713178294574,12.7327086763568,0.857516296606276,352.655601121941,-87.7440907971093,1
45.2913228307077,12.7158781211597,0.852421099453955,352.847543732411,-87.5771559095449,1
45.311327831958,12.7067893558202,0.847329472353867,353.038497274118,-87.4093658056476,1
45.3313328332083,12.6978077601982,0.842241378034654,353.22845974306,-87.2407250487895,1
45.3513378344586,12.6982809054909,0.837153030757926,353.417568568865,-87.0711134524288,1
45.3713428357089,12.6984116981173,0.832064570534948,353.605813965557,-86.9005401503817,1
45.3913478369592,12.6952325974097,0.826977326514083,353.79314218005,-86.7290542484435,1
45.4113528382096,12.6857007010146,0.821893846007222,353.979456118996,-86.5567475802069,1
45.4313578394599,12.6710520980511,0.81681618196106,354.164678129491,-86.383696629206,1
45.4513628407102,12.6593618581704,0.811743151382155,354.348849281759,-86.2098682700084,1
45.4713678419605,12.6580830597157,0.80667058515117,354.532117490782,-86.0351253189761,1
45.4913728432108,12.6537078531289,0.801599725358484,354.714434370684,-85.8595161095023,1
45.5113778444611,12.6446175418993,0.796532464437175,354.895728331725,-85.6831117414172,1
45.5313828457114,12.6303640595794,0.791470872280864,355.075923467468,-85.5059915580498,1
45.5513878469617,12.6164373281376,0.78641482085521,355.255022396173,-85.3281582199484,1
45.5713928482121,12.6082535474954,0.781362010238354,355.433104551391,-85.1495378089991,1
45.5913978494624,12.6017736138289,0.776311759634765,355.610191056081,-84.9701123410513,1
45.6114028507127,12.5947005961669,0.771264308315261,355.786270565736,-84.7898963124897,1
45.631407851963,12.5779875946726,0.766223520361449,355.961206672174,-84.6090349683046,1
45.6514128532133,12.5602318619992,0.761189816209498,356.134983666087,-84.4275511286113,1
45.6714178544636,12.5582337744066,0.756156882824595,356.307817098642,-84.2452236255583,1
45.6914228557139,12.5591460830806,0.751123554219779,356.479743356507,-84.0620153824376,1
45.7114278569642,12.5500726368223,0.746093833726841,356.650622283164,-83.8780775390926,1
45.7314328582146,12.5389811386035,0.741068531675448,356.820424027114,-83.6934461872627,1
45.7514378594649,12.5230608863181,0.73604958358828,356.989082211868,-83.5082000631445,1
45.7714428607152,12.5183365626485,0.731032505666042,357.156744869409,-83.3221797450675,1
45.7914478619655,12.523172345185,0.726013466084236,357.323536451813,-83.1352483104665,1
45.8114528632158,12.5220538182402,0.720994852338702,357.489373093693,-82.9474990074718,1
45.8314578644661,12.5190515582,0.715977420594127,357.654225945404,-82.7589650836245,1
45.8514628657164,12.5225000607332,0.710958586740762,357.818175587793,-82.5695539879539,1
45.8714678669667,12.526140972935,0.705938273741991,357.981219938284,-82.3792671106373,1
45.8914728682171,12.5111024167603,0.700923967710676,358.143113479711,-82.1883943941354,1
45.9114778694674,12.4968894183031,0.695915340899223,358.303865164959,-81.9969302119569,1
45.9314828707177,12.4968736949329,0.690906703304448,358.463655487327,-81.8046634158646,1
45.951487871968,12.4946688805601,0.685898932374863,358.622453087197,-81.6116329689408,1
45.9714928732183,12.4873535750517,0.680894077496007,358.78018995503,-81.4179234495359,1
45.9914978744686,12.4759165705175,0.675893790916472,358.936812356992,-81.2236054829635,1
46.0115028757189,12.4732654122887,0.670894553397748,359.092427772674,-81.0285480744139,1
46.0315078769692,12.4806670080022,0.665892335679856,359.24715751957,-80.8325986754021,1
46.0515128782196,12.4891874925332,0.660886689898871,359.401009780767,-80.63574317816,1
46.0715178794699,12.4885917550979,0.655881269440558,359.553867792041,-80.4381296638569,1
46.0915228807202,12.4778536678534,0.650880140248518,359.705604727562,-80.2399244795725,1
46.1115278819705,12.4702625174571,0.645882042304874,359.856256904637,-80.0410840673609,1
46.1315328832208,12.4592419607129,0.640888349392088,360.005781842771,-79.8416700462473,1
46.1515378844711,12.4549445001717,0.635896369332928,360.154257595488,-79.6415807373656,1
46.1715428857214,12.4610759098608,0.630901921690984,360.301804961005,-79.4406536612431,1
46.1915478869717,12.4642811527321,0.625906179330654,360.448384679702,-79.2389402926531,1
46.2115528882221,12.4578446071287,0.620913006789636,360.593880204705,-79.0366020362977,1
46.2315578894724,12.4450192170934,0.615924965553356,360.738215439823,-78.8337492721618,1
46.2515628907227,12.4295685872956,0.610943108162389,360.881359798797,-78.6304322910459,1
46.271567891973,12.4151175350769,0.605967034741679,361.023324755343,-78.4266422865504,1
46.2915728932233,12.4080827636716,0.600993773574156,361.164194088186,-78.2222643340195,1
46.3115778944736,12.4008584123751,0.596023400066869,361.303964295915,-78.0173080206684,1
46.3315828957239,12.3930270303237,0.591056158565815,361.442626672777,-77.811789567948,1
46.3515878969742,12.3820240739235,0.586093319810222,361.580144927338,-77.6057683576332,1
46.3715928982246,12.3740135846691,0.581133685848067,361.71655081915,-77.399201022047,1
46.3915978994749,12.3677366191894,0.576176561209453,361.851862242856,-77.1920650607185,1
46.4116029007252,12.3680463894976,0.571219307346461,361.986148226322,-76.9842555150628,1
46.4316079019755,12.3647121320907,0.56626338324522,362.119366993894,-76.7758393083371,1
46.4516129032258,12.365622235836,0.561307090077953,362.251560490533,-76.5667498210467,1
46.4716179044761,12.3655672076713,0.556350812857674,362.38271582866,-76.3570088146101,1
46.4916229057264,12.3568542889263,0.551398022721247,362.512738787084,-76.1467688466125,1
46.5116279069767,12.349284021533,0.546448262282021,362.641640085771,-75.9360168269294,1
46.5316329082271,12.3377741468243,0.541503109982089,362.769378178878,-75.7248267717967,1
46.5516379094774,12.3352050482095,0.536558984306113,362.896043577095,-75.513051566787,1
46.5716429107277,12.3418625955479,0.531612186001494,363.021727908945,-75.3005379033965,1
46.591647911978,12.3511318347195,0.526661668781089,363.146452546226,-75.087244760057,1
46.6116529132283,12.3622973279685,0.521706672475856,363.270231066662,-74.8731431329346,1
46.6316579144786,12.3637829548104,0.516751076118593,363.392962251205,-74.6584051309224,1
46.6516629157289,12.349717527582,0.511801113004455,363.514490307059,-74.4433070220992,1
46.6716679169792,12.3366569673105,0.506856382036042,363.634825043546,-74.2278383033314,1
46.6916729182296,12.3328720548549,0.501913165247561,363.754056291901,-74.0118435116463,1
46.7116779194799,12.3326229812022,0.4969700452555,363.872215980461,-73.7952663460826,1
46.7316829207302,12.3291641861718,0.492028308296623,363.989271114881,-73.5781687907039,1
46.7516879219805,12.3192913578962,0.487090525317531,364.10515968983,-73.3606700239239,1
46.7716929232308,12.3195051284108,0.482152655203564,364.219974382918,-73.1425977007178,1
46.7916979244811,12.3224138711133,0.477213615996875,364.333737842048,-72.9239095032638,1
46.8117029257314,12.3065154134989,0.472280945287784,364.446275675114,-72.704945527373,1
46.8317079269817,12.3001087093195,0.467350842047048,364.557673566232,-72.4855432504473,1
46.8517129282321,12.2984339710772,0.462421406882019,364.667973840532,-72.2656245500777,1
46.8717179294824,12.2946306161343,0.457493494450446,364.777154928123,-72.0452330070625,1
46.8917229307327,12.2958915617923,0.452565074735605,364.885259577355,-71.8242833949697,1
46.911727931983,12.2995133863723,0.447635201453695,364.992305308953,-71.6027383551104,1
46.9317329332333,12.3053159780691,0.442703000653515,365.098307223392,-71.3805633785087,1
46.9517379344836,12.3034297773592,0.437771553201946,365.203196386261,-71.1579025708919,1
46.9717429357339,12.3019193514855,0.432840710066967,365.306973308987,-70.9347545637097,1
46.9917479369842,12.3020088464696,0.427909829090377,365.409649526754,-70.7110959718845,1
47.0117529382346,12.3063774622745,0.422977196133586,365.511257290253,-70.48685404695,1
47.0317579394849,12.3128054953445,0.418041984934837,365.611810018612,-70.2619961693136,1
47.0517629407352,12.3133129190859,0.413106568475522,365.711256046261,-70.0366355359806,1
47.0717679419855,12.3136286752378,0.408171024326817,365.809591017482,-69.8107810116549,1
47.0917729432358,12.3097943767313,0.403237015085719,365.906780220723,-69.5845145255557,1
47.1117779444861,12.307545300002,0.398303906609748,366.002834164591,-69.3578126676634,1
47.1317829457364,12.3102637400002,0.393369707383271,366.097789409236,-69.1305894873084,1
47.1517879469867,12.3062918191439,0.388437098277461,366.191592531685,-68.9029741640428,1
47.1717929482371,12.3020093446951,0.383506205019952,366.284239536229,-68.67497831342,1
47.1917979494874,12.3023933717719,0.378575156887324,366.375763982675,-68.446521251386,1
47.2118029507377,12.3010054137071,0.373644663777748,366.466150759752,-68.2176415347798,1
47.231807951988,12.2993877420486,0.368714818242554,366.555396224432,-67.9883491202345,1
47.2518129532383,12.3038538091855,0.36378318216747,366.643541827494,-67.758535982737,1
47.2718179544886,12.3014880561748,0.358852492411838,366.730536792482,-67.528335349894,1
47.2918229557389,12.299389151843,0.353922643813121,366.816380813141,-67.2977478881638,1
47.3118279569892,12.2978044719649,0.348993429099823,366.901076375016,-67.0667698644474,1
47.3318329582396,12.28581962806,0.3440690166462,366.984551784071,-66.8356029334647,1
47.3518379594899,12.2825870147208,0.339145900502393,367.066865767323,-66.6040886031484,1
47.3718429607402,12.2921071873942,0.334218968081365,367.148101330079,-66.3719918994637,1
47.3918479619905,12.2844815046925,0.329295089572297,367.228143823316,-66.1396422887863,1
47.4118529632408,12.2694590597009,0.324377232305658,367.306945272463,-65.9071861770819,1
47.4318579644911,12.2660841574965,0.319460727886043,367.384581085691,-65.674409381917,1
47.4518629657414,12.2683296157895,0.314543322882358,367.46108539744,-65.4412109851979,1
47.4718679669917,12.2753471912929,0.30962310496457,367.5364846564,-65.2075054630724,1
47.4918729682421,12.2796569728901,0.30470115847387,367.610759219742,-64.9733495878577,1
47.5118779694924,12.2870202595826,0.299776260801161,367.683923606806,-64.7386901927054,1
47.5318829707427,12.2962221554879,0.294847674017617,367.75598504859,-64.5034971997075,1
47.551887971993,12.3057676990347,0.289915260936009,367.826940946235,-64.2677688996166,1
47.5718929732433,12.3043163122323,0.284983427878959,367.896725614462,-64.0317214310488,1
47.5918979744936,12.3032162641348,0.280052036194994,367.965338853554,-63.7953537599896,1
47.6119029757439,12.3123804620449,0.275116971294936,368.032835279145,-63.558474146044,1
47.6319079769942,12.3126486701226,0.270181797313795,368.099163770067,-63.3212592178879,1
47.6519129782446,12.3079047221039,0.265248524715134,368.164295764769,-63.0838114028646,1
47.6719179794949,12.2989408158862,0.260318844042459,368.228209669625,-62.8462184788741,1
47.6919229807452,12.3003792333347,0.255388587926577,368.290958233005,-62.6082854475607,1
47.7119279819955,12.3052750848395,0.250456368461887,368.352557498997,-62.3699510911087,1
47.7319329832458,12.298453990748,0.245526881980583,368.412947627536,-62.1314482123984,1
47.7519379844961,12.2882309915438,0.240601492941045,368.472112536513,-61.8928491512134,1
47.7719429857464,12.2863681166138,0.235676851013217,368.530092547599,-61.6539977782004,1
47.7919479869967,12.2811090075463,0.230754315932931,368.586871871369,-61.4149662267504,1
47.8119529882471,12.2823383950893,0.22583128902831,368.64247889735,-61.1756340549285,1
47.8319579894974,12.2867818178009,0.220906480351582,368.696926688773,-60.9359443190627,1
47.8519629907477,12.2872825600993,0.215981470659394,368.750195570014,-60.6959795636575,1
47.871967991998,12.284447656035,0.211057596729819,368.80227021643,-60.4558108333016,1
47.8919729932483,12.2898579188255,0.20613155504501,368.853183423206,-60.2152826321802,1
47.9119779944986,12.2992285390486,0.201201756908317,368.902948742856,-59.9743228827053,1
47.9319829957489,12.3023465283675,0.196270708376616,368.951537915206,-59.7330595645331,1
47.9519879969993,12.3051630773066,0.191338530972403,368.998947433023,-59.4915042614162,1
47.9719929982496,12.3035679643569,0.186406992119403,369.045159315571,-59.2497494377935,1
47.9919979994999,12.308401821677,0.181473516623908,369.090195452173,-59.0076745218532,1
48.0120030007502,12.3105923450401,0.176539161977121,369.134044854951,-58.765337248716,1
48.0320080020005,12.3159371496562,0.171602665811976,369.176715827922,-58.5226811879202,0
48.0520130032508,12.3277282803333,0.166661443350951,369.218227543852,-58.2795848281823,0
48.0720180045011,12.3394123762282,0.161715537484428,369.258575205358,-58.0360556298856,0
48.0920230057514,12.3508605899581,0.156765042764838,369.297753667284,-57.7921036442259,0
48.1120280070017,12.3620750649922,0.151810052885645,369.335757903981,-57.5477389325604,0
48.1320330082521,12.3730605201651,0.146850659648734,369.372583016631,-57.3029715141555,0
48.1520380095024,12.383821631386,0.141886952981618,369.408224231468,-57.0578113655644,0
48.1720430107527,12.3943629801641,0.136919020975262,369.442676897857,-56.8122684210511,0
48.192048012003,12.4046890544674,0.131946949921586,369.475936486411,-56.5663525730295,0
48.2120530132533,12.4148042506115,0.1269708243502,369.50799858714,-56.3200736724951,0
48.2320580145036,12.4247128751308,0.121990727064395,369.538858907638,-56.073441529449,0
48.2520630157539,12.4344191466124,0.117006739176392,369.568513271305,-55.8264659133168,0
48.2720680170043,12.4439271974914,0.112018940141881,369.596957615606,-55.5791565533584,0
48.2920730182546,12.4532410758108,0.107027407793848,369.62418799036,-55.3315231390726,0
48.3120780195049,12.4623647469451,0.10203221837571,369.650200556065,-55.0835753205945,0
48.3320830207552,12.471302095288,0.0970334465737845,369.674991582256,-54.8353227090869,0
48.3520880220055,12.4800569259064,0.0920311655490875,369.698557445899,-54.5867748771248,0
48.3720930232558,12.4886329661609,0.0870254469684792,369.720894629806,-54.3379413590735,0
48.3920980245061,12.4970338672918,0.0820163610351821,369.741999721092,-54.088831651461,0
48.4121030257564,12.5052632059744,0.0770039765186703,369.761869409663,-53.8394552133446,0
48.4321080270067,12.5133244858415,0.0719883607839522,369.78050048672,-53.5898214666698,0
48.4521130282571,12.5212211389747,0.0669695798202521,369.797889843314,-53.3399397966257,0
48.4721180295074,12.5289565273664,0.0619476982691141,369.814034468909,-53.0898195519926,0
48.4921230307577,12.5365339443503,0.0569227794519133,369.82893144999,-52.8394700454843,0
48.512128032008,12.5439566160043,0.0518948853968296,369.842577968689,-52.5889005540854,0
48.5321330332583,12.5512277025232,0.0468640768652528,369.854971301441,-52.3381203193819,0
48.5521380345086,12.5583502995651,0.041830413377654,369.866108817668,-52.0871385478872,0
48.5721430357589,12.5653274395685,0.036793953238934,369.875987978491,-51.835964411362,0
48.5921480370093,12.5721620930438,0.031754753563244,369.884606335462,-51.5846070471285,0
48.6121530382596,12.578857169838,0.0267128702983077,369.891961529327,-51.3330755583798,0
48.6321580395099,12.5854155203733,0.0216683582492392,369.898051288813,-51.0813790144836,0
48.6521630407602,12.5918399368611,0.0166212711018849,369.902873429438,-50.829526451281,0
48.6721680420105,12.5981331544902,0.0143793182782469,369.906779604023,-50.5775314052146,0
48.6921730432608,12.6042978525918,0.0139446379141984,369.910350403135,-50.3254077223219,0
48.7121780445111,12.6103366557802,0.0135109238289441,369.913813389126,-50.0731617174863,0
48.7321830457614,12.6162521350697,0.0130797596753426,369.917168867366,-49.8207959095501,0
48.7521880470117,12.6220468089699,0.0126525165065581,369.920417520725,-49.5683127713269,0
48.7721930482621,12.6277231445575,0.0122303744752162,369.923560359164,-49.3157147293648,0
48.7921980495124,12.6332835585268,0.0118143425310135,369.926598674415,-49.0630041638703,0
48.8122030507627,12.6387304182185,0.0114052762916883,369.929533999281,-48.8101834087732,0
48.832208052013,12.6440660426279,0.0110038942475657,369.932368071137,-48.5572547519207,0
48.8522130532633,12.6492927033917,0.0106107924463682,369.935102799253,-48.3042204353794,0
48.8722180545136,12.6544126257558,0.0102264577925757,369.937740235568,-48.0510826558341,0
48.8922230557639,12.6594279895221,0.0098512800842295,369.940282548617,-47.7978435650686,0
48.9122280570143,12.6643409299767,0.0094855628995962,369.942732000293,-47.5445052705153,0
48.9322330582646,12.6691535387994,0.0091295334365093,369.945090925196,-47.2910698358628,0
48.9522380595149,12.6738678649535,0.0087833513983917,369.947361712315,-47.0375392817117,0
48.9722430607652,12.678485915559,0.0084471170128786,369.949546788813,-46.7839155862688,0
48.9922480620155,12.6830096567462,0.008120878261545,369.951648605724,-46.5302006860722,0
49.0122530632658,12.6874410144938,0.0078046373924491,369.95366962538,-46.2763964767386,0
49.0322580645161,12.6917818754478,0.0074983567809721,369.955612310373,-46.022504813729,0
49.0522630657664,12.6960340877258,0.0072019641987341,369.957479113937,-45.7685275131256,0
49.0722680670168,12.7001994617029,0.0069153575451306,369.959272471572,-45.5144663524149,0
49.0922730682671,12.704279770783,0.0066384090912615,369.960994793818,-45.2603230712745,0
49.1122780695174,12.7082767521539,0.0063709692816312,369.962648460031,-45.0060993723589,0
49.1322830707677,12.7121921075265,0.0061128701350064,369.964235813083,-44.7517969220811,0
49.152288072018,12.7160275038596,0.0058639282821354,369.965759154878,-44.4974173513893,0
49.1722930732683,12.7197845740695,0.0056239476746897,369.967220742595,-44.2429622565344,0
49.1922980745186,12.7234649177252,0.0053927219967159,369.968622785587,-43.9884331998276,0
49.2123030757689,12.7270701017295,0.0051700368070917,369.969967442867,-43.7338317103879,0
49.2323080770193,12.730601660986,0.0049556714389131,369.971256821102,-43.4791592848756,0
49.2523130782696,12.7340610990527,0.0047494006793986,369.972492973076,-43.2244173882139,0
49.2723180795199,12.737449888782,0.0045509962517687,369.973677896556,-42.969607454296,0
49.2923230807702,12.740769472948,0.0043602281185925,369.974813533523,-42.7147308866777,0
49.3123280820205,12.7440212648605,0.0041768656243296,369.975901769711,-42.459789059256,0
49.3323330832708,12.7472066489666,0.0040006784931617,369.976944434432,-42.2047833169321,0
49.3523380845211,12.7503269814408,0.0038314376967225,369.977943300647,-41.9497149762594,0
49.3723430857714,12.7533835907615,0.0036689162049919,369.97890008524,-41.6945853260775,0
49.3923480870218,12.7563777782773,0.0035128896323842,369.97981644948,-41.4393956281301,0
49.4123530882721,12.7593108187607,0.0033631367899301,369.98069399965,-41.184147117669,0
49.4323580895224,12.7621839609509,0.0032194401534424,369.981534287799,-40.9288410040428,0
49.4523630907727,12.7649984280855,0.0030815862566093,369.982338812619,-40.673478471272,0
49.472368092023,12.7677554184211,0.0029493660171213,369.983109020411,-40.4180606786094,0
49.4923730932733,12.7704561057439,0.0028225750031508,369.983846306147,-40.1625887610874,0
49.5123780945236,12.7731016398688,0.0027010136468193,369.984552014577,-39.9070638300509,0
49.5323830957739,12.7756931471296,0.0025844874106342,369.985227441413,-39.6514869736782,0
49.5523880970243,12.7782317308581,0.0024728069122961,369.985873834536,-39.395859257488,0
49.5723930982746,12.7807184718538,0.0023657880127513,369.986492395247,-39.140181724834,0
49.5923980995249,12.7831544288444,0.0022632518718883,369.987084279533,-38.8844553973887,0
49.6124031007752,12.7855406389363,0.0021650249758323,369.987650599358,-38.6286812756132,0
49.6324081020255,12.7878781180563,0.0020709391393993,369.98819242395,-38.3728603392176,0
49.6524131032758,12.7901678613839,0.00198083148691,369.988710781101,-38.1169935476083,0
49.6724181045261,12.7924108437751,0.0018945444142467,369.989206658455,-37.8610818403265,0
49.6924231057764,12.7946080201776,0.0018119255347222,369.989681004792,-37.605126137474,0
49.7124281070268,12.7967603260373,0.0017328276110821,369.990134731301,-37.3491273401305,0
49.7324331082771,12.7988686776963,0.0016571084757004,369.990568712835,-37.0930863307606,0
49.7524381095274,12.8009339727834,0.0015846309408232,369.990983789148,-36.8370039736098,0
49.7724431107777,12.8029570905961,0.0015152627005087,369.991380766114,-36.5808811150933,0
49.792448112028,12.8049388924749,0.001448876225733,369.991760416916,-36.3247185841739,0
49.8124531132783,12.8068802221701,0.001385348653967,369.992123483216,-36.0685171927322,0
49.8324581145286,12.808781906201,0.0013245616743894,369.992470676299,-35.8122777359276,0
49.8524631157789,12.8106447542079,0.0012664014097568,369.992802678187,-35.5560009925514,0
49.8724681170293,12.8124695592966,0.0012107582958446,369.993120142725,-35.2996877253715,0
49.8924731182796,12.8142570983761,0.0011575269592535,369.993423696637,-35.0433386814693,0
49.9124781195299,12.8160081324896,0.0011066060942914,369.993713940559,-34.786954592569,0
49.9324831207802,12.8177234071382,0.0010578983395376,369.993991450031,-34.5305361753594,0
49.9524881220305,12.8194036525986,0.0010113101546321,369.994256776472,-34.274084131809,0
49.9724931232808,12.8210495842336,0.0009667516977558,369.994510448117,-34.0175991494731,0
49.9924981245311,12.8226619027973,0.0009241367042031,369.994752970925,-33.7610819017944,0
50.0125031257814,12.8242412947327,0.0008833823663924,369.994984829459,-33.504533048398,0
50.0325081270318,12.8257884324645,0.000844409215613,369.995206487739,-33.2479532353778,0
50.0525131282821,12.8273039746852,0.0008071410057583,369.995418390065,-32.9913430955794,0
50.0725181295324,12.8287885666356,0.0007715045992492,369.995620961806,-32.7347032488734,0
50.0925231307827,12.8302428403791,0.0007374298553315,369.995814610172,-32.4780343024259,0
50.112528132033,12.8316674150717,0.000704849520878,369.995999724949,-32.2213368509616,0
50.1325331332833,12.8330628972247,0.000673699123816,369.996176679214,-31.9646114770208,0
50.1525381345336,12.8344298809633,0.0006439168692635,369.99634583002,-31.7078587512122,0
50.1725431357839,12.8357689482797,0.0006154435384425,369.996507519056,-31.4510792324593,0
50.1925481370343,12.8370806692805,0.0005882223904117,369.996662073286,-31.1942734682415,0
50.2125531382846,12.8383656024297,0.0005621990666506,369.996809805561,-30.9374419948308,0
50.2325581395349,12.8396242947865,0.0005373214985045,369.996951015205,-30.6805853375225,0
50.2525631407852,12.8408572822381,0.00051353981749,369.997085988584,-30.4237040108617,0
50.2725681420355,12.8420650897276,0.0004908062684568,369.997214999651,-30.1667985188651,0
50.2925731432858,12.8432482314781,0.0004690751255732,369.997338310468,-29.909869355237,0
50.3125781445361,12.8444072112111,0.0004483026111108,369.997456171705,-29.6529170035822,0
50.3325831457864,12.8455425223612,0.0004284468169949,369.997568823129,-29.3959419376135,0
50.3525881470368,12.8466546482861,0.0004094676290655,369.997676494064,-29.1389446213547,0
50.3725931482871,12.8477440624724,0.0003913266540072,369.997779403834,-28.8819255093407,0
50.3925981495374,12.8488112287373,0.0003739871488976,369.997877762192,-28.6248850468112,0
50.4126031507877,12.8498566014257,0.0003574139533099,369.99797176973,-28.3678236699025,0
50.432608152038,12.8508806256042,0.0003415734239139,369.998061618269,-28.1107418058338,0
50.4526131532883,12.8518837372502,0.0003264333715091,369.998147491237,-27.8536398730904,0
50.4726181545386,12.8528663634375,0.0003119630004321,369.998229564031,-27.5965182816032,0
50.4926231557889,12.8538289225185,0.0002981328502678,369.998308004361,-27.3393774329232,0
50.5126281570393,12.8547718243017,0.0002849147397995,369.998382972583,-27.0822177203944,0
50.5326331582896,12.8556954702267,0.0002722817131372,369.998454622017,-26.825039529321,0
50.5526381595399,12.8566002535351,0.0002602079879438,369.998523099251,-26.567843237133,0
50.5726431607902,12.8574865594375,0.00024866890571,369.998588544431,-26.310629213547,0
50.5926481620405,12.8583547652778,0.0002376408839994,369.998651091547,-26.0533978207244,0
50.6126531632908,12.8592052406939,0.0002271013706027,369.998710868691,-25.796149413426,0
50.6326581645411,12.860038347775,0.0002170287995357,369.998767998323,-25.5388843391634,0
50.6526631657914,12.8608544412156,0.0002074025488212,369.998822597509,-25.281602938348,0
50.6726681670418,12.8616538684669,0.0001982028999842,369.998874778161,-25.0243055444354,0
50.6926731682921,12.8624369698844,0.0001894109992088,369.998924647258,-24.7669924840688,0
50.7126781695424,12.8632040788726,0.0001810088200909,369.998972307066,-24.5096640772173,0
50.7326831707927,12.8639555220277,0.000172979127928,369.999017855341,-24.2523206373134,0
50.752688172043,12.8646916192758,0.0001653054454947,369.999061385525,-23.994962471386,0
50.7726931732933,12.8654126840098,0.000157972020238,369.999102986939,-23.7375898801917,0
50.7926981745436,12.8661190232223,0.0001509637928489,369.99914274496,-23.4802031583436,0
50.8127031757939,12.8668109376367,0.000144266367153,369.999180741197,-23.2228025944357,0
50.8327081770443,12.8674887218348,0.0001378659812646,369.999217053655,-22.965388471167,0
50.8527131782946,12.8681526643828,0.0001317494799651,369.99925175689,-22.7079610654618,0
50.8727181795449,12.8688030479535,0.0001259042882494,369.999284922166,-22.4505206485875,0
50.8927231807952,12.8694401494473,0.0001203183859965,369.999316617598,-22.1930674862705,0
50.9127281820455,12.8700642401095,0.0001149802837191,369.999346908288,-21.9356018388094,0
50.9327331832958,12.8706755856462,0.0001098789993489,369.99937585646,-21.678123961186,0
50.9527381845461,12.8712744463372,0.0001050040360177,369.999403521588,-21.4206341031739,0
50.9727431857964,12.871861077147,0.0001003453607904,369.999429960512,-21.1631325094448,0
50.9927481870468,12.8724357278331,9.58933843120407e-05,369.999455227559,-20.905619419673,0
51.0127531882971,12.8729986430526,9.16389413345047e-05,369.999479374653,-20.6480950686376,0
51.0327581895474,12.873550062466,8.75732720817217e-05,369.999502451419,-20.3905596863222,0
51.0527631907977,12.8740902208399,8.36880044211504e-05,369.999524505286,-20.1330134980131,0
51.072768192048,12.874619348146,7.99751368067123e-05,369.999545581583,-19.8754567243955,0
51.0927731932983,12.87513766966,7.64270219643544e-05,369.999565723632,-19.6178895816468,0
51.1127781945486,12.8756454060568,7.30363512848652e-05,369.999584972838,-19.3603122815297,0
51.132783195799,12.8761427735046,6.97961398930696e-05,369.999603368772,-19.1027250314814,0
51.1527881970493,12.8766299837574,6.66997123731378e-05,369.999620949251,-18.8451280347029,0
51.1727931982996,12.8771072442443,6.37406891136796e-05,369.99963775042,-18.5875214902447,0
51.1927981995499,12.8775747581587,6.09129732474114e-05,369.99965380682,-18.3299055930921,0
51.2128032008002,12.8780327245443,5.82107381674838e-05,369.999669151464,-18.0722805342482,0
51.2328082020505,12.8784813383797,5.56284155835298e-05,369.9996838159,-17.8146465008152,0
51.2528132033008,12.8789207906621,5.31606841035753e-05,369.999697830281,-17.5570036760739,0
51.2728182045511,12.8793512684878,5.08024583195361e-05,369.999711223423,-17.2993522395622,0
51.2928232058014,12.8797729551323,4.8548878367451e-05,369.999724022864,-17.041692367151,0
51.3128282070518,12.8801860301285,4.63952999469844e-05,369.999736254923,-16.7840242311194,0
51.3328332083021,12.8805906693426,4.43372847832564e-05,369.999747944751,-16.5263480002284,0
51.3528382095524,12.8809870450495,4.23705915053876e-05,369.999759116388,-16.268663839792,0
51.3728432108027,12.8813753260057,4.04911669252881e-05,369.999769792803,-16.0109719117483,0
51.392848212053,12.8817556775217,3.86951377046036e-05,369.999779995952,-15.7532723747281,0
51.4128532133033,12.8821282615316,3.69788023856354e-05,369.999789746816,-15.4955653841223,0
51.4328582145536,12.8824932366629,3.53386237725427e-05,369.999799065444,-15.2378510921489,0
51.452863215804,12.8828507583034,3.37712216538023e-05,369.999807971,-14.9801296479166,0
51.4728682170543,12.8832009786676,3.22733658423687e-05,369.999816481795,-14.7224011974894,0
51.4928732183046,12.8835440468616,3.0841969523855e-05,369.99982461533,-14.4646658839479,0
51.5128782195549,12.8838801089464,2.94740828985074e-05,369.999832388331,-14.2069238474507,0
51.5328832208052,12.8842093080001,2.816688710299e-05,369.99983981678,-13.9491752252945,0
51.5528882220555,12.8845317841789,2.69176884053721e-05,369.999846915954,-13.6914201519715,0
51.5728932233058,12.8848476747768,2.57239126519509e-05,369.999853700448,-13.4336587592276,0
51.5928982245561,12.885157114284,2.45830999614324e-05,369.999860184215,-13.175891176118,0
51.6129032258064,12.8854602344441,2.34928996550546e-05,369.999866380586,-12.9181175290623,0
51.6329082270568,12.8857571643103,2.24510654104128e-05,369.999872302302,-12.6603379418982,0
51.6529132283071,12.8860480303001,2.14554506321889e-05,369.999877961539,-12.4025525359347,0
51.6729182295574,12.8863329562495,2.05040040211835e-05,369.999883369933,-12.1447614300032,0
51.6929232308077,12.8866120634656,1.95947653471674e-05,369.999888538605,-11.8869647405083,0
51.712928232058,12.886885470778,1.87258614064488e-05,369.999893478181,-11.6291625814773,0
51.7329332333083,12.8871532945896,1.78955021585291e-05,369.999898198819,-11.3713550646089,0
51.7529382345586,12.8874156489262,1.71019770330969e-05,369.999902710223,-11.1135422993207,0
51.772943235809,12.887672645485,1.63436514015256e-05,369.99990702167,-10.8557243927958,0
51.7929482370593,12.887924393682,1.56189632063474e-05,369.999911142023,-10.5979014500282,0
51.8129532383096,12.8881710006988,1.49264197371317e-05,369.999915079754,-10.3400735738678,0
51.8329582395599,12.8884125715282,1.42645945521411e-05,369.999918842959,-10.0822408650642,0
51.8529632408102,12.8886492090187,1.36321245378576e-05,369.999922439373,-9.82440342230932,0
51.8729682420605,12.8888810139185,1.30277070941348e-05,369.999925876391,-9.56656134227975,0
51.8929732433108,12.8891080849185,1.24500974475517e-05,369.999929161078,-9.30871471967759,0
51.9129782445611,12.8893305186938,1.18981060843106e-05,369.999932300188,-9.05086364727103,0
51.9329832458114,12.8895484099455,1.13705962955257e-05,369.999935300173,-8.79300821593366,0
51.9529882470618,12.8897618514407,1.08664818317065e-05,369.9999381672,-8.53514851468327,0
51.9729932483121,12.8899709340518,1.03847246642954e-05,369.999940907163,-8.27728463071993,0
51.9929982495624,12.8901757467956,9.92433284297796e-06,369.999943525695,-8.01941664946257,0
52.0130032508127,12.890376376871,9.48435844745478e-06,369.999946028177,-7.76154465458592,0
52.033008252063,12.8905729096961,9.06389563501379e-06,369.999948419755,-7.50366872805581,0
52.0530132533133,12.8907654289446,8.66207877114469e-06,369.999950705343,-7.24578895016416,0
52.0730182545636,12.8909540165813,8.27808064358893e-06,369.99995288964,-6.98790539956332,0
52.093023255814,12.8911387528973,7.91111075662091e-06,369.999954977136,-6.73001815329926,0
52.1130282570643,12.891319716544,7.56041369893499e-06,369.999956972122,-6.47212728684455,0
52.1330332583146,12.8914969845665,7.22526758763407e-06,369.999958878697,-6.21423287413038,0
52.1530382595649,12.8916706324364,6.90498257949417e-06,369.99996070078,-5.95633498757818,0
52.1730432608152,12.8918407340844,6.59889944708057e-06,369.999962442117,-5.69843369813055,0
52.1930482620655,12.8920073619309,6.30638821925897e-06,369.999964106286,-5.44052907528112,0
52.2130532633158,12.8921705869176,6.02684688370319e-06,369.999965696708,-5.18262118710432,0
52.2330582645661,12.8923304785375,5.75970014266036e-06,369.999967216651,-4.92471010028446,0
52.2530632658165,12.8924871048643,5.50439822808116e-06,369.999968669239,-4.66679588014395,0
52.2730682670668,12.8926405325816,5.26041576949742e-06,369.999970057456,-4.40887859067116,0
52.2930732683171,12.892790827011,5.02725070989603e-06,369.999971384157,-4.15095829454794,0
52.3130782695674,12.8929380521403,4.80442327051524e-06,369.999972652068,-3.8930350531757,0
52.3330832708177,12.8930822706505,4.59147496224115e-06,369.999973863794,-3.63510892670217,0
52.353088272068,12.8932235439424,4.38796763829965e-06,369.999975021824,-3.37717997404659,0
52.3730932733183,12.8933619321632,4.19348259306486e-06,369.99997612854,-3.11924825292499,0
52.3930982745686,12.8934974942314,4.00761969904651e-06,369.999977186215,-2.86131381987489,0
52.413103275819,12.8936302878626,3.82999658171842e-06,369.999978197023,-2.60337673027904,0
52.4331082770693,12.8937603695934,3.66024783118999e-06,369.99997916304,-2.34543703838915,0
52.4531132783196,12.8938877948061,3.49802424856858e-06,369.999980086252,-2.0874947973491,0
52.4731182795699,12.8940126177519,3.34299212817766e-06,369.999980968555,-1.82955005921736,0
52.4931232808202,12.894134891574,3.19483256983466e-06,369.999981811763,-1.5716028749894,0
52.5131282820705,12.8942546683305,3.05324081839671e-06,369.999982617609,-1.3136532946192,0
52.5331332833208,12.8943719990162,2.91792563963003e-06,369.999983387747,-1.05570136704053,0
52.5531382845711,12.8944869335845,2.78860871949312e-06,369.99998412376,-0.79774714018794,0
52.5731432858215,12.8945995209687,2.6650240881581e-06,369.999984827161,-0.539790661016862,0
52.5931482870718,12.8947098091029,2.546917573692e-06,369.999985499395,-0.281831975524197,0
52.6131532883221,12.8948178449421,2.43404627866588e-06,369.999986141843,-0.0238711287671734,0
52.6331582895724,12.8949236744825,2.3261780804242e-06,369.999986755825,0.234091835117138,0
52.6531632908227,12.895027342781,2.22309115305785e-06,369.999987342602,0.492056872892853,0
52.673168292073,12.8951288939742,2.12457350836148e-06,369.99998790338,0.750023942207192,0
52.6931732933233,12.8952283712975,2.03042256132088e-06,369.999988439311,1.00799300157228,0
52.7131782945736,12.8953258171032,1.9404447114705e-06,369.999988951496,1.26596401034733,0
52.733183295824,12.8954212728789,1.85445494398816e-06,369.999989440988,1.52393692872171,0
52.7531882970743,12.8955147792648,1.77227644983947e-06,369.999989908791,1.78191171769778,0
52.7731932983246,12.8956063760712,1.69374026310526e-06,369.999990355867,2.03988833907422,0
52.7931982995749,12.8956961022952,1.61868491023784e-06,369.999990783135,2.29786675542999,0
52.8132033008252,12.8957839961379,1.54695607935315e-06,369.999991191472,2.55584693010809,0
52.8332083020755,12.8958700950199,1.47840630006775e-06,369.999991581717,2.81382882720021,0
52.8532133033258,12.8959544355977,1.41289464184778e-06,369.999991954672,3.0718124115314,0
52.8732183045761,12.8960370537794,1.35028642495502e-06,369.999992311102,3.32979764864496,0
52.8932233058265,12.8961179847395,1.29045294260223e-06,369.999992651741,3.58778450478806,0
52.9132283070768,12.8961972629343,1.2332711938161e-06,369.999992977287,3.84577294689676,0
52.9332333083271,12.8962749221165,1.17862363165951e-06,369.99999328841,4.10376294258277,0
52.9532383095774,12.8963509953494,1.12639792249109e-06,369.999993585749,4.361754460119,0
52.9732433108277,12.8964255150211,1.07648671234072e-06,369.999993869914,4.61974746842635,0
52.993248312078,12.8964985128583,1.02878740804961e-06,369.999994141489,4.87774193706051,0
53.0132533133283,12.8965700199397,9.83201964730283e-07,369.999994401032,5.13573783619881,0
53.0332583145786,12.8966400667096,9.39636686179841e-07,369.999994649076,5.39373513662749,0
53.053263315829,12.8967086829902,8.98002028370171e-07,369.99999488613,5.65173380972956,0
53.0732683170793,12.8967758979948,8.58212418813487e-07,369.999995112682,5.90973382747245,0
53.0932733183296,12.8968417403403,8.20186079035058e-07,369.999995329197,6.16773516239595,0
53.1132783195799,12.8969062380589,7.83844854661674e-07,369.99999553612,6.42573778760082,0
53.1332833208302,12.8969694186104,7.49114057982025e-07,369.999995733875,6.68374167673694,0
53.1532883220805,12.8970313088941,7.15922311739195e-07,369.999995922868,6.94174680399242,0
53.1732933233308,12.8970919352595,6.84201402352688e-07,369.999996103489,7.19975314408254,0
53.1932983245811,12.8971513235184,6.538861420649e-07,369.999996276108,7.45776067223884,0
53.2133033258315,12.8972094989552,6.24914230516727e-07,369.999996441079,7.71576936419888,0
53.2333083270818,12.897266486338,5.97226131086503e-07,369.999996598741,7.97377919619533,0
53.2533133283321,12.8973223099294,5.70764947005121e-07,369.999996749419,8.23179014494659,0
53.2733183295824,12.8973769934959,5.4547630217029e-07,369.999996893421,8.48980218764635,0
53.2933233308327,12.8974305603193,5.21308231161628e-07,369.999997031043,8.74781530195408,0
53.313328332083,12.8974830332054,4.98211072228602e-07,369.999997162569,9.00582946598557,0
53.3333333333333,12.8975344344947,4.76137365312823e-07,369.999997288267,9.26384465830346,0
53.3533383345836,12.8975847860711,4.55041753632373e-07,369.999997408397,9.52186085790806,0
53.373343335834,12.8976341093718,4.34880890600503e-07,369.999997523205,9.77987804422866,0
53.3933483370843,12.8976824253962,4.15613352674885e-07,369.999997632927,10.0378961971147,0
53.4133533383346,12.8977297547147,3.97199550427849e-07,369.999997737788,10.295915296827,0
53.4333583395849,12.8977761174779,3.79601649110241e-07,369.999997838003,10.5539353240297,0
53.4533633408352,12.8978215334245,3.62783492466682e-07,369.999997933779,10.8119562597814,0
53.4733683420855,12.8978660218905,3.46710527148403e-07,369.999998025311,11.069978085528,0
53.4933733433358,12.8979096018167,3.31349730388583e-07,369.999998112789,11.328000783094,0
53.5133783445861,12.8979522917573,3.16669543018066e-07,369.999998196391,11.5860243346753,0
53.5333833458365,12.8979941098874,3.02639804547253e-07,369.99999827629,11.8440487228312,0
53.5533883470868,12.8980350740112,2.8923169181541e-07,369.999998352649,12.1020739304772,0
53.5733933483371,12.8980752015691,2.76417658813489e-07,369.999998425625,12.3600999408777,0
53.5933983495874,12.8981145096453,2.6417137978255e-07,369.999998495368,12.6181267376391,0
53.6134033508377,12.8981530149752,2.52467697053973e-07,369.999998562022,12.8761543047022,0
53.633408352088,12.8981907339525,2.4128256738274e-07,369.999998625723,13.1341826263361,0
53.6534133533383,12.8982276826359,2.30593011576908e-07,369.999998686602,13.392211687131,0
53.6734183545886,12.8982638767564,2.20377069455484e-07,369.999998744784,13.6502414719918,0
53.693423355839,12.8982993317236,2.10613756273253e-07,369.999998800388,13.9082719661316,0
53.7134283570893,12.8983340626324,2.01283015567595e-07,369.99999885353,14.1663031550657,0
53.7334333583396,12.8983680842694,1.92365679196015e-07,369.999998904317,14.424335024605,0
53.7534383595899,12.8984014111194,1.83843429974223e-07,369.999998952854,14.6823675608504,0
53.7734433608402,12.8984340573712,1.75698762242724e-07,369.999998999241,14.9404007501862,0
53.7934483620905,12.8984660369239,1.67914944237697e-07,369.999999043573,15.1984345792751,0
53.8134533633408,12.8984973633929,1.60475987007209e-07,369.999999085941,15.4564690350523,0
53.8334583645911,12.8985280501153,1.53366610574927e-07,369.999999126432,15.7145041047195,0
53.8534633658415,12.8985581101561,1.46572211664521e-07,369.99999916513,15.97253977574,0
53.8734683670918,12.8985875563131,1.40078834660083e-07,369.999999202113,16.2305760358328,0
53.8934733683421,12.8986164011232,1.33873141353853e-07,369.999999237458,16.488612872968,0
53.9134783695924,12.8986446568669,1.27942384011035e-07,369.999999271237,16.7466502753614,0
53.9334833708427,12.8986723355742,1.22274381667271e-07,369.99999930352,17.0046882314693,0
53.953488372093,12.8986994490291,1.16857493413101e-07,369.999999334373,17.2627267299838,0
53.9734933733433,12.8987260087754,1.11680592333631e-07,369.999999363859,17.5207657598277,0
53.9934983745936,12.8987520261207,1.06733045404012e-07,369.999999392038,17.7788053101505,0
54.013503375844,12.8987775121419,1.02004690306649e-07,369.99999941897,18.0368453703229,0
54.0335083770943,12.8988024776897,9.748581564073e-08,369.999999444708,18.2948859299329,0
54.0535133783446,12.8988269333932,9.31671398249465e-08,369.999999469306,18.5529269787809,0
54.0735183795949,12.8988508896642,8.90397933790017e-08,369.999999492815,18.8109685068759,0
54.0935233808452,12.8988743567023,8.50952996017992e-08,369.999999515282,19.0690105044305,0
54.1135283820955,12.8988973444985,8.13255562324009e-08,369.999999536754,19.3270529618576,0
54.1335333833458,12.8989198628398,7.7722820957555e-08,369.999999557274,19.5850958697657,0
54.1535383845961,12.8989419213134,7.42796950662393e-08,369.999999576886,19.8431392189551,0
54.1735433858465,12.8989635293106,7.09891056638773e-08,369.999999595629,20.1011830004141,0
54.1935483870968,12.8989846960311,6.78442957082676e-08,369.999999613542,20.3592272053147,0
54.2135533883471,12.8990054304866,6.4838806950508e-08,369.999999630661,20.6172718250096,0
54.2335583895974,12.8990257415047,6.19664661323676e-08,369.999999647022,20.8753168510278,0
54.2535633908477,12.8990456377329,5.92213746017696e-08,369.999999662657,21.1333622750715,0
54.273568392098,12.899065127642,5.65978958336532e-08,369.999999677601,21.3914080890122,0
54.2935733933483,12.8990842195297,5.40906414878612e-08,369.999999691882,21.6494542848874,0
54.3135783945987,12.8991029215244,5.16944607985232e-08,369.999999705531,21.9075008548973,0
54.333583395849,12.8991212415886,4.94044334908442e-08,369.999999718575,22.1655477914014,0
54.3535883970993,12.8991391875219,4.72158563147257e-08,369.999999731041,22.4235950869152,0
54.3735933983496,12.8991567669649,4.51242345996326e-08,369.999999742956,22.6816427341069,0
54.3935983995999,12.8991739874019,4.3125272977024e-08,369.999999754342,22.9396907257948,0
54.4136034008502,12.8991908561645,4.12148662360513e-08,369.999999765224,23.1977390549434,0
54.4336084021005,12.8992073804346,3.93890919242863e-08,369.999999775624,23.4557877146612,0
54.4536134033508,12.8992235672475,3.76442008151882e-08,369.999999785563,23.7138366981973,0
54.4736184046011,12.8992394234946,3.59766086557492e-08,369.999999795062,23.9718859989387,0
54.4936234058515,12.8992549559267,3.43828920771863e-08,369.99999980414,24.2299356104077,0
54.5136284071018,12.8992701711568,3.28597774539584e-08,369.999999812816,24.4879855262582,0
54.5336334083521,12.8992850756626,3.14041372893034e-08,369.999999821107,24.7460357402746,0
54.5536384096024,12.8992996757899,3.00129816974799e-08,369.999999829032,25.0040862463674,0
54.5736434108527,12.8993139777546,2.8683454152769e-08,369.999999836605,25.2621370385721,0
54.593648412103,12.8993279876457,2.74128242161399e-08,369.999999843843,25.5201881110457,0
54.6136534133533,12.8993417114279,2.61984829271172e-08,369.99999985076,25.7782394580645,0
54.6336584146037,12.8993551549442,2.50379367793125e-08,369.999999857371,26.0362910740217,0
54.653663415854,12.8993683239181,2.39288021439367e-08,369.999999863689,26.2943429534253,0
54.6736684171043,12.8993812239563,2.28688002163544e-08,369.999999869727,26.552395090895,0
54.6936734183546,12.899393860551,2.185575471646e-08,369.999999875498,26.8104474811606,0
54.7136784196049,12.8994062390822,2.08875861398369e-08,369.999999881013,27.0685001190598,0
54.7336834208552,12.89941836482,1.99623067924888e-08,369.999999886284,27.3265529995351,0
54.7536884221055,12.899430242927,1.90780172336815e-08,369.999999891321,27.5846061176328,0
54.7736934233558,12.8994418784602,1.82329002863489e-08,369.999999896135,27.8426594685001,0
54.7936984246061,12.8994532763735,1.74252206144349e-08,369.999999900736,28.1007130473835,0
54.8137034258565,12.8994644415196,1.66533200881082e-08,369.999999905133,28.3587668496265,0
54.8337084271068,12.899475378652,1.59156140415988e-08,369.999999909335,28.6168208706676,0
54.8537134283571,12.8994860924271,1.52105876676219e-08,369.999999913351,28.8748751060385,0
54.8737184296074,12.8994965874064,1.45367921801558e-08,369.99999991719,29.1329295513622,0
54.8937234308577,12.8995068680581,1.38928455233846e-08,369.999999920858,29.390984202351,0
54.913728432108,12.8995169387592,1.32774234559334e-08,369.999999924364,29.6490390548051,0
54.9337334333583,12.8995268037972,1.26892623990799e-08,369.999999927714,29.9070941046098,0
54.9537384346087,12.8995364673722,1.21271566858223e-08,369.999999930916,30.1651493477351,0
54.973743435859,12.8995459335985,1.15899521093145e-08,369.999999933976,30.4232047802328,0
54.9937484371093,12.8995552065062,1.10765448610056e-08,369.999999936901,30.6812603982358,0
55.0137534383596,12.8995642900434,1.05858818091537e-08,369.999999939696,30.9393161979556,0
55.0337584396099,12.8995731880774,1.01169537778536e-08,369.999999942367,31.1973721756812,0
55.0537634408602,12.8995819043964,9.66879860046923e-09,369.99999994492,31.4554283277773,0
55.0737684421105,12.8995904427114,9.24049717224827e-09,369.99999994736,31.7134846506831,0
55.0937734433608,12.8995988066577,8.83116856145413e-09,369.999999949692,31.9715411409102,0
55.1137784446111,12.8996069997961,8.439972848471741e-09,369.99999995192,32.2295977950415,0
55.1337834458615,12.899615025615,8.06610666781356e-09,369.99999995405,32.4876546097301,0
55.1537884471118,12.8996228875312,7.708801663192e-09,369.999999956085,32.7457115816968,0
55.1737934483621,12.899630588892,7.367323815887351e-09,369.999999958031,33.0037687077298,0
55.1937984496124,12.8996381329762,7.04097227894511e-09,369.99999995989,33.2618259846827,0
55.2138034508627,12.8996455229957,6.72907664889751e-09,369.999999961667,33.5198834094734,0
55.233808452113,12.8996527620969,6.43099770113731e-09,369.999999963365,33.777940979083,0
55.2538134533633,12.8996598533617,6.1461226964979e-09,369.999999964987,34.0359986905538,0
55.2738184546137,12.8996667998093,5.8738671962552814e-09,369.999999966538,34.2940565409887,0
55.293823455864,12.8996736043971,5.61367207887928e-09,369.999999968021,34.5521145275499,0
55.3138284571143,12.8996802700222,5.3650031808975605e-09,369.999999969437,34.8101726474574,0
55.3338334583646,12.8996867995224,5.1273502787887905e-09,369.999999970791,35.0682308979881,0
55.3538384596149,12.8996931956776,4.90022503566692e-09,369.999999972085,35.3262892764743,0
55.3738434608652,12.8996994612111,4.68316045224947e-09,369.999999973321,35.584347780303,0
55.3938484621155,12.8997055987904,4.4757114818528805e-09,369.999999974503,35.8424064069143,0
55.4138534633658,12.8997116110286,4.2774522283774e-09,369.999999975632,36.1004651538009,0
55.4338584646162,12.8997175004853,4.0879751924990405e-09,369.999999976712,36.3585240185065,0
55.4538634658665,12.8997232696679,3.9068915452970605e-09,369.999999977743,36.6165829986251,0
55.4738684671168,12.8997289210328,3.73382928060312e-09,369.999999978729,36.8746420917995,0
55.4938734683671,12.899734456986,3.56843301155715e-09,369.999999979671,37.1327012957212,0
55.5138784696174,12.8997398798844,3.41036301091311e-09,369.999999980572,37.3907606081282,0
55.5338834708677,12.8997451920368,3.2592952821108e-09,369.999999981433,37.6488200268053,0
55.553888472118,12.8997503957049,3.11491936470454e-09,369.999999982255,37.9068795495822,0
55.5738934733683,12.899755493104,2.97693909616669e-09,369.999999983041,38.1649391743329,0
55.5938984746187,12.8997604864045,2.84507095924047e-09,369.999999983792,38.4229988989749,0
55.613903475869,12.8997653777322,2.7190442294144303e-09,369.99999998451,38.6810587214682,0
55.6339084771193,12.8997701691696,2.5985996651980603e-09,369.999999985196,38.9391186398147,0
55.6539134783696,12.8997748627567,2.48349116543296e-09,369.999999985852,39.1971786520567,0
55.6739184796199,12.8997794604917,2.3734825272972703e-09,369.999999986479,39.4552387562767,0
55.6939234808702,12.8997839643321,2.26834616789721e-09,369.999999987078,39.7132989505963,0
55.7139284821205,12.8997883761954,2.1678671063003603e-09,369.99999998765,39.9713592331756,0
55.7339334833708,12.8997926979601,2.07183901770482e-09,369.999999988197,40.2294196022121,0
55.7539384846212,12.899796931466,1.98006427674864e-09,369.99999998872,40.4874800559402,0
55.7739434858715,12.8998010785155,1.8923550378048803e-09,369.99999998922,40.7455405926304,0
55.7939484871218,12.8998051408744,1.8085313766699302e-09,369.999999989697,41.0036012105883,0
55.8139534883721,12.8998091202721,1.72842110133398e-09,369.999999990153,41.2616619081543,0
55.8339584896224,12.8998130184029,1.65185878162575e-09,369.99999999059,41.5197226837027,0
55.8539634908727,12.8998168369263,1.57868769125593e-09,369.999999991006,41.777783535641,0
55.873968492123,12.8998205774682,1.50875840236756e-09,369.999999991405,42.0358444624091,0
55.8939734933733,12.899824241621,1.44192646947597e-09,369.999999991786,42.2939054624788,0
55.9139784946237,12.8998278309448,1.37805499627984e-09,369.999999992149,42.5519665343532,0
55.933983495874,12.8998313469677,1.3170128721862402e-09,369.999999992497,42.8100276765659,0
55.9539884971243,12.8998347911866,1.25867405315044e-09,369.99999999283,43.0680888876804,0
55.9739934983746,12.899838165068,1.2029190724009e-09,369.999999993147,43.3261501662897,0
55.9939984996249,12.8998414700483,1.14963371072592e-09,369.999999993451,43.5842115110154,0
56.0140035008752,12.8998447075345,1.09870819424786e-09,369.999999993741,43.8422729205072,0
56.0340085021255,12.8998478789051,1.05003906073057e-09,369.999999994018,44.1003343934425,0
56.0540135033758,12.8998509855101,1.0035256042005402e-09,369.999999994283,44.3583959285256,0
56.0740185046262,12.8998540286723,9.590717430310402e-10,369.999999994536,44.6164575244874,0
56.0940235058765,12.8998570096873,9.16586373525552e-10,369.999999994778,44.8745191800848,0
56.1140285071268,12.8998599298243,8.759822143308361e-10,369.99999999501,45.1325808940995,0
56.1340335083771,12.8998627903264,8.37178033212732e-10,369.999999995231,45.3906426653389,0
56.1540385096274,12.8998655924116,8.00093476121037e-10,369.999999995442,45.6487044926342,0
56.1740435108777,12.8998683372728,7.64651400129202e-10,369.999999995644,45.9067663748406,0
56.194048512128,12.8998710260787,7.30778748953079e-10,369.999999995837,46.1648283108369,0
56.2140535133783,12.8998736599741,6.98406022575814e-10,369.999999996021,46.4228902995243,0
56.2340585146287,12.8998762400802,6.67468525894751e-10,369.999999996198,46.680952339827,0
56.254063515879,12.8998787674956,6.37901901843621e-10,369.999999996366,46.9390144306908,0
56.2740685171293,12.8998812432963,6.09645638131528e-10,369.999999996527,47.1970765710831,0
56.2940735183796,12.8998836685364,5.82641071006933e-10,369.999999996681,47.4551387599926,0
56.3140785196299,12.8998860442485,5.5683266277765e-10,369.999999996828,47.7132009964284,0
56.3340835208802,12.8998883714439,5.32167444783686e-10,369.999999996968,47.9712632794199,0
56.3540885221305,12.8998906511136,5.08594852154747e-10,369.999999997103,48.2293256080163,0
56.3740935233808,12.899892884228,4.86066361342846e-10,369.999999997231,48.4873879812864,0
56.3940985246312,12.8998950717379,4.64535226933618e-10,369.999999997354,48.7454503983178,0
56.4141035258815,12.8998972145747,4.43957734291106e-10,369.999999997471,49.0035128582167,0
56.4341085271318,12.8998993136506,4.24291845413198e-10,369.999999997583,49.2615753601078,0
56.4541135283821,12.8999013698594,4.05497038131188e-10,369.99999999769,49.5196379031336,0
56.4741185296324,12.8999033840765,3.87534568410006e-10,369.999999997792,49.7777004864538,0
56.4941235308827,12.8999053571593,3.7036872476975e-10,369.99999999789,50.0357631092458,0
56.514128532133,12.899907289948,3.53963587400603e-10,369.999999997983,50.2938257707034,0
56.5341335333833,12.8999091832655,3.38285224288917e-10,369.999999998073,50.5518884700369,0
56.5541385346337,12.8999110379178,3.23301376057115e-10,369.999999998158,50.8099512064728,0
56.574143535884,12.8999128546945,3.08981300493604e-10,369.99999999824,51.0680139792535,0
56.5941485371343,12.8999146343691,2.95294776877905e-10,369.999999998318,51.3260767876367,0
56.6141535383846,12.8999163776994,2.8221472720637003e-10,369.999999998392,51.5841396308954,0
56.6341585396349,12.8999180854275,2.69714117451184e-10,369.999999998463,51.8422025083173,0
56.6541635408852,12.8999197582806,2.57767280388728e-10,369.999999998532,52.1002654192048,0
56.6741685421355,12.8999213969707,2.46349328366838e-10,369.999999998597,52.3583283628743,0
56.6941735433858,12.8999230021957,2.35437262028658e-10,369.999999998659,52.6163913386565,0
56.7141785446362,12.8999245746389,2.2500886025618003e-10,369.999999998718,52.8744543458957,0
56.7341835458865,12.8999261149697,2.15043161683349e-10,369.999999998775,53.1325173839491,0
56.7541885471368,12.8999276238441,2.05518462685459e-10,369.999999998829,53.3905804521877,0
56.7741935483871,12.8999291019043,1.96416324065522e-10,369.999999998881,53.648643549995,0
56.7941985496374,12.8999305497797,1.87716705062514e-10,369.999999998931,53.9067066767672,0
56.8142035508877,12.8999319680867,1.7940268875373002e-10,369.999999998978,54.1647698319127,0
56.834208552138,12.8999333574292,1.71457271819524e-10,369.999999999023,54.4228330148522,0
56.8542135533883,12.8999347183986,1.63863308574065e-10,369.999999999066,54.6808962250179,0
56.8742185546387,12.8999360515744,1.56604542398342e-10,369.999999999108,54.9389594618538,0
56.894223555889,12.8999373575242,1.49668132351238e-10,369.999999999147,55.1970227248155,0
56.9142285571393,12.899938636804,1.43039995951915e-10,369.999999999185,55.4550860133691,0
56.9342335583896,12.8999398899585,1.36705022840128e-10,369.999999999221,55.7131493269924,0
56.9542385596399,12.8999411175211,1.30649999612851e-10,369.999999999256,55.9712126651729,0
56.9742435608902,12.8999423200145,1.24863747526341e-10,369.999999999289,56.2292760274095,0
56.9942485621405,12.8999434979507,1.19333702154143e-10,369.99999999932,56.4873394132108,0
57.0142535633908,12.8999446518312,1.14049062766941e-10,369.99999999935,56.7454028220955,0
57.0342585646412,12.8999457821472,1.08998785657869e-10,369.999999999379,57.0034662535924,0
57.0542635658915,12.89994688938,1.04171949275141e-10,369.999999999406,57.2615297072395,0
57.0742685671418,12.899947974001,9.955852113378427e-11,369.999999999433,57.5195931825845,0
57.0942735683921,12.899949036472,9.51499916894206e-11,369.999999999458,57.7776566791843,0
57.1142785696424,12.8999500772452,9.093709314782688e-11,369.999999999482,58.0357201966048,0
57.1342835708927,12.8999510967638,8.691004821708059e-11,369.999999999505,58.2937837344209,0
57.154288572143,12.899952095462,8.306161776554629e-11,369.999999999527,58.5518472922161,0
57.1742935733933,12.8999530737647,7.93830408314993e-11,369.999999999548,58.8099108695823,0
57.1942985746437,12.8999540320887,7.586708006010439e-11,369.999999999568,59.0679744661198,0
57.214303575894,12.8999549708419,7.250814874469179e-11,369.999999999587,59.3260380814371,0
57.2343085771443,12.8999558904239,6.929773667458269e-11,369.999999999605,59.5841017151507,0
57.2543135783946,12.8999567912262,6.622924481071379e-11,369.999999999623,59.8421653668851,0
57.2743185796449,12.8999576736325,6.329670421209579e-11,369.999999999639,60.1002290362719,0
57.2943235808952,12.8999585380183,6.04945290604588e-11,369.999999999655,60.3582927229508,0
57.3143285821455,12.8999593847517,5.7816749970608895e-11,369.999999999671,60.6163564265687,0
57.3343335833958,12.8999602141932,5.525714502950669e-11,369.999999999685,60.8744201467796,0
57.3543385846462,12.8999610266959,5.2811402607327694e-11,369.999999999699,61.1324838832449,0
57.3743435858965,12.8999618226057,5.04740563756759e-11,369.999999999712,61.3905476356322,0
57.3943485871468,12.8999626022615,4.82395216267818e-11,369.999999999725,61.6486114036167,0
57.4143535883971,12.8999633659953,4.6103740147071487e-11,369.999999999737,61.9066751868796,0
57.4343585896474,12.8999641141321,4.4061881258717895e-11,369.999999999749,62.1647389851092,0
57.4543635908977,12.8999648469906,4.2110525508120006e-11,369.99999999976,62.4228027979997,0
57.474368592148,12.8999655648826,4.02450920800988e-11,369.999999999771,62.6808666252515,0
57.4943735933984,12.899966268114,3.84621628536528e-11,369.999999999781,62.9389304665716,0
57.5143785946487,12.8999669569839,3.6759071294622494e-11,369.99999999979,63.1969943216726,0
57.534383595899,12.8999676317859,3.5131873348899594e-11,369.9999999998,63.455058190273,0
57.5543885971493,12.8999682928071,3.3576763774958e-11,369.999999999809,63.7131220720972,0
57.5743935983996,12.8999689403289,3.2090826398090397e-11,369.999999999817,63.9711859668753,0
57.5943985996499,12.8999695746272,3.0670115831589696e-11,369.999999999825,64.2292498743424,0
57.6144036009002,12.8999701959718,2.93121067969778e-11,369.999999999833,64.4873137942395,0
57.6344086021505,12.8999708046274,2.80143817343394e-11,369.99999999984,64.7453777263129,0
57.6544136034008,12.8999714008531,2.6773634016940497e-11,369.999999999847,65.0034416703138,0
57.6744186046512,12.8999719849027,2.5587588895249e-11,369.999999999854,65.2615056259988,0
57.6944236059015,12.8999725570248,2.44544686798262e-11,369.999999999861,65.5195695931289,0
57.7144286071518,12.8999731174632,2.33712141634811e-11,369.999999999867,65.7776335714708,0
57.7344336084021,12.8999736664563,2.23355519292838e-11,369.999999999873,66.0356975607953,0
57.7544386096524,12.8999742042379,2.1345704287793895e-11,369.999999999878,66.2937615608781,0
57.7744436109027,12.899974731037,2.0399893549571094e-11,369.999999999884,66.5518255714997,0
57.794448612153,12.8999752470778,1.9495700377900497e-11,369.999999999889,66.8098895924446,0
57.8144536134034,12.8999757525801,1.8631741977372198e-11,369.999999999894,67.0679536235021,0
57.8344586146537,12.8999762477591,1.78064874117909e-11,369.999999999899,67.3260176644658,0
57.854463615904,12.8999767328256,1.70175166781401e-11,369.999999999903,67.5840817151332,0
57.8744686171543,12.899977207986,1.6263448313611898e-11,369.999999999907,67.8421457753062,0
57.8944736184046,12.8999776734428,1.5543393473485698e-11,369.999999999911,68.1002098447909,0
57.9144786196549,12.899978129394,1.48545343734135e-11,369.999999999915,68.3582739233967,0
57.9344836209052,12.8999785760339,1.4195888442419799e-11,369.999999999919,68.6163380109377,0
57.9544886221555,12.8999790135525,1.35661688323518e-11,369.999999999923,68.8744021072312,0
57.9744936234058,12.8999794421361,1.29648851461226e-11,369.999999999926,69.1324662120985,0
57.9944986246562,12.8999798619673,1.23894619106248e-11,369.999999999929,69.3905303253648,0
58.0145036259065,12.8999802732246,1.18402082892399e-11,369.999999999933,69.6485944468581,0
58.0345086271568,12.8999806760834,1.1315680409022699e-11,369.999999999936,69.9066585764108,0
58.0545136284071,12.8999810707149,1.08145008049674e-11,369.999999999938,70.164722713858,0
58.0745186296574,12.8999814572873,1.0335780632353698e-11,369.999999999941,70.4227868590386,0
58.0945236309077,12.8999818359652,9.87798606768411e-12,369.999999999944,70.6808510117948,0
58.114528632158,12.8999822069098,9.44062982327381e-12,369.999999999946,70.9389151719716,0
58.1345336334084,12.8999825702789,9.02242105316716e-12,369.999999999949,71.1969793394178,0
58.1545386346587,12.8999829262273,8.62287335807974e-12,369.999999999951,71.4550435139846,0
58.174543635909,12.8999832749066,8.24069500365558e-12,369.999999999953,71.7131076955269,0
58.1945486371593,12.8999836164652,7.875400479010719e-12,369.999999999955,71.971171883902,0
58.2145536384096,12.8999839510485,7.52634347276674e-12,369.999999999957,72.2292360789706,0
58.2345586396599,12.899984278799,7.19263514020392e-12,369.999999999959,72.4873002805958,0
58.2545636409102,12.8999845998562,6.87403339218037e-12,369.999999999961,72.7453644886438,0
58.2745686421605,12.8999849143568,6.56924427333905e-12,369.999999999963,73.0034287029834,0
58.2945736434108,12.8999852224346,6.27843169357585e-12,369.999999999964,73.261492923486,0
58.3145786446612,12.8999855242209,6.00118965385302e-12,369.999999999966,73.5195571500261,0
58.3345836459115,12.8999858198442,5.73533402149286e-12,369.999999999967,73.77762138248,0
58.3545886471618,12.8999861094303,5.4807897266512685e-12,369.999999999969,74.0356856207271,0
58.3745936484121,12.8999863931025,5.2377975258691895e-12,369.99999999997,74.2937498646491,0
58.3945986496624,12.8999866709815,5.00635741914656e-12,369.999999999971,74.5518141141301,0
58.4146036509127,12.8999869431857,4.78452380934493e-12,369.999999999973,74.8098783690566,0
58.434608652163,12.899987209831,4.57222518022256e-12,369.999999999974,75.0679426293173,0
58.4546136534134,12.8999874710308,4.37035037649952e-12,369.999999999975,75.3260068948033,0
58.4746186546637,12.8999877268965,4.17719144817642e-12,369.999999999976,75.5840711654079,0
58.494623655914,12.8999879775369,3.9920301234328994e-12,369.999999999977,75.8421354410266,0
58.5146286571643,12.8999882230587,3.8142167593888695e-12,369.999999999978,76.1001997215571,0
58.5346336584146,12.8999884635665,3.64481210626507e-12,369.999999999979,76.3582640068989,0
58.5546386596649,12.8999886991627,3.48429367934089e-12,369.99999999998,76.6163282969538,0
58.5746436609152,12.8999889299476,3.33071055107474e-12,369.999999999981,76.8743925916256,0
58.5946486621655,12.8999891560194,3.1833477811483298e-12,369.999999999982,77.1324568908199,0
58.6146536634159,12.8999893774743,3.04155461618088e-12,369.999999999983,77.3905211944444,0
58.6346586646662,12.8999895944067,2.90574416241401e-12,369.999999999983,77.6485855024088,0
58.6546636659165,12.899989806909,2.7774564621490098e-12,369.999999999984,77.9066498146243,0
58.6746686671668,12.8999900150715,2.65521210642012e-12,369.999999999985,78.164714131004,0
58.6946736684171,12.899990218983,2.5389511281923097e-12,369.999999999986,78.422778451463,0
58.7146786696674,12.8999904187302,2.4276067805413497e-12,369.999999999986,78.680842775918,0
58.7346836709177,12.8999906143982,2.32005346000862e-12,369.999999999987,78.9389071042874,0
58.754688672168,12.8999908060702,2.21605462995575e-12,369.999999999987,79.1969714364912,0
58.7746936734184,12.899990993828,2.11626282056455e-12,369.999999999988,79.455035772451,0
58.7946986746687,12.8999911777513,2.02221962883704e-12,369.999999999988,79.7131001120902,0
58.814703675919,12.8999913579186,1.93374382106716e-12,369.999999999989,79.9711644553338,0
58.8347086771693,12.8999915344066,1.8492933560526098e-12,369.999999999989,80.229228802108,0
58.8547136784196,12.8999917072903,1.76905080010026e-12,369.99999999999,80.4872931523408,0
58.8747186796699,12.8999918766434,1.69259771656525e-12,369.99999999999,80.7453575059614,0
58.8947236809202,12.899992042538,1.61904526072748e-12,369.999999999991,81.0034218629008,0
58.9147286821705,12.8999922050447,1.54815867274959e-12,369.999999999991,81.2614862230911,0
58.9347336834209,12.8999923642327,1.47928364564872e-12,369.999999999992,81.519550586466,0
58.9547386846712,12.8999925201697,1.41284039287075e-12,369.999999999992,81.7776149529605,0
58.9747436859215,12.8999926729223,1.34775350558645e-12,369.999999999992,82.0356793225108,0
58.9947486871718,12.8999928225553,1.28486518748859e-12,369.999999999993,82.2937436950545,0
59.0147536884221,12.8999929691325,1.22529793263399e-12,369.999999999993,82.5518080705304,0
59.0347586896724,12.8929322313185,1.16928516825922e-12,369.999999999993,82.8097312312508,1
59.0547636909227,12.8733583850757,1.11748253394791e-12,369.999999999994,83.067262867193,1
59.074768692173,12.8508392139083,1.06946715105265e-12,369.999999999994,83.3243440040863,1
59.0947736934234,12.8312646422249,1.02435017485335e-12,369.999999999994,83.5810335380242,1
59.1147786946737,12.8047890769709,9.81899066513928e-13,369.999999999994,83.8371934676171,1
59.134783695924,12.7840525249734,9.41457298050221e-13,369.999999999994,84.0929385198809,1
59.1547886971743,12.7757221256195,9.02792774826427e-13,369.999999999995,84.3485168755226,1
59.1747936984246,12.7660874503542,8.659054968425599e-13,369.999999999995,84.603902512579,1
59.1947986996749,12.7601618880181,8.3079546409862e-13,369.999999999995,84.8591695820803,1
59.2148037009252,12.7607585710547,7.9680526020992e-13,369.999999999995,85.114448565001,1
59.2348087021755,12.7512202595039,7.63046040456381e-13,369.999999999996,85.369536792834,1
59.2548137034259,12.7412307507101,7.29944681287771e-13,369.999999999996,85.6244251621548,1
59.2748187046762,12.7264676876173,6.98390027424179e-13,369.999999999996,85.8790182267104,1
59.2948237059265,12.7167119675573,6.67954314015327e-13,369.999999999996,86.1334160924407,1
59.3148287071768,12.7138052780709,6.37748696341103e-13,369.999999999997,86.3877557880618,1
59.3348337084271,12.7050057353431,6.08201827652338e-13,369.999999999997,86.6419194858998,1
59.3548387096774,12.6575496526665,5.78884610497944e-13,369.999999999997,86.8951340051636,1
59.3748437109277,12.5975346489155,5.50226586529259e-13,369.999999999997,87.1471479242774,1
59.394848712178,12.5375196451646,5.21797769894695e-13,369.999999999997,87.3979612432411,1
59.4148537134284,12.4775046414137,4.940285906461099e-13,369.999999999998,87.6475739620547,1
59.4348587146787,12.4174896376627,4.65828315045272e-13,369.999999999998,87.8959860807184,1
59.454863715929,12.3574746339118,4.38059579996947e-13,369.999999999998,88.143197599232,1
59.4748687171793,12.2974596301608,4.13160378627666e-13,369.999999999998,88.3892085175956,1
59.4948737184296,12.2374446264099,3.91815667738227e-13,369.999999999998,88.6340188358091,1
59.5148787196799,12.177429622659,3.73364699442009e-13,369.999999999998,88.8776285538726,1
59.5348837209302,12.117414618908,3.57579599005667e-13,369.999999999998,89.120037671786,1
59.5548887221805,12.0573996151571,3.43799174342324e-13,369.999999999998,89.3612461895494,1
59.5748937234309,12.0424020960479,3.31795994918899e-13,369.999999999998,89.6021544568556,1
59.5948987246812,12.0517417870301,3.2157006073539297e-13,369.999999999998,89.8432495202402,1
59.6149037259315,12.0529170299025,3.12459513404537e-13,369.999999999998,90.0843681504115,1
59.6349087271818,12.0557314774953,3.04899669181042e-13,369.999999999998,90.325543056225,1
59.6549137284321,12.0121829951085,2.97792465022403e-13,369.999999999998,90.565847015823,1
59.6749187296824,11.9521679913575,2.91347785551425e-13,369.999999999998,90.8049503752709,1
59.6949237309327,11.8921529876066,2.864544754882e-13,369.999999999998,91.0428531345689,1
59.714928732183,11.8321379838556,2.82012472889049e-13,369.999999999998,91.2795552937168,1
59.7349337334334,11.7721229801047,2.78233661277952e-13,369.999999999998,91.5150568527146,1
59.7549387346837,11.7121079763537,2.74680059198632e-13,369.999999999998,91.7493578115624,1
59.774943735934,11.6520929726028,2.72453727495938e-13,369.999999999998,91.9824581702601,1
59.7949487371843,11.5920779688519,2.70676926456277e-13,369.999999999998,92.2143579288079,1
59.8149537384346,11.5822891134862,2.6890012541661697e-13,369.999999999998,92.4460616101733,1
59.8349587396849,11.5998537777782,2.67123324376957e-13,369.999999999998,92.6781166207104,1
59.8549637409352,11.6138448328297,2.65346523337297e-13,369.999999999998,92.9104515576927,1
59.8749687421855,11.6092479408267,2.642344679866e-13,369.999999999998,93.1426946148677,1
59.8949737434359,11.5617994947238,2.63346067466769e-13,369.999999999998,93.3739886528779,1
59.9149787446862,11.5017844909728,2.62457666946939e-13,369.999999999998,93.604082090738,1
59.9349837459365,11.4417694872219,2.61569266427109e-13,369.999999999998,93.832974928448,1
59.9549887471868,11.381754483471,2.60680865907279e-13,369.999999999998,94.060667166008,1
59.9749937484371,11.32173947972,2.5979246538744897e-13,369.999999999998,94.2871588034179,1
59.9949987496874,11.2617244759691,2.59570143157362e-13,369.999999999998,94.5124498406779,1
60.0150037509377,11.2685911734746,2.59570143157362e-13,369.999999999998,94.737877911813,1
60.035008752188,11.2858296948486,2.59570143157362e-13,369.999999999998,94.9636508991785,1
60.0550137534384,11.3016115812673,2.59570143157362e-13,369.999999999998,95.1897395906213,1
60.0750187546887,11.316040799578,2.59570143157362e-13,369.999999999998,95.4161169495155,1
60.095023755939,11.2743815452481,2.59570143157362e-13,369.999999999998,95.6416611918374,1
60.1150287571893,11.2143665414971,2.59570143157362e-13,369.999999999998,95.8660048340093,1
60.1350337584396,11.1543515377462,2.59570143157362e-13,369.999999999998,96.0891478760311,1
60.1550387596899,11.1095776922116,2.59570143157362e-13,369.999999999998,96.3113951410672,1
60.1750437609402,11.0707364653714,2.59570143157362e-13,369.999999999998,96.5328653828626,1
60.1950487621905,11.0327867524689,2.59570143157362e-13,369.999999999998,96.7535764376772,1
60.2150537634409,10.9956100499438,2.59570143157362e-13,369.999999999998,96.9735437696723,1
60.2350587646912,10.9591885842624,2.59570143157362e-13,369.999999999998,97.1927824874193,1
60.2550637659415,10.976942587845,2.59570143157362e-13,369.999999999998,97.4123761040592,1
60.2750687671918,11.0036765173233,2.59570143157362e-13,369.999999999998,97.6325045766075,1
60.2950737684421,11.03841732344,2.59570143157362e-13,369.999999999998,97.8533279846492,1
60.3150787696924,11.0207328512041,2.59570143157362e-13,369.999999999998,98.0737978947248,1
60.3350837709427,10.9841794154414,2.59570143157362e-13,369.999999999998,98.2935365562192,1
60.355088772193,10.9479766150379,2.59570143157362e-13,369.999999999998,98.5125509779917,1
60.3750937734434,10.9125015193057,2.59570143157362e-13,369.999999999998,98.7308557177153,1
60.3950987746937,10.8777471575322,2.59570143157362e-13,369.999999999998,98.9484651937255,1
60.415103775944,10.8436990242078,2.59570143157362e-13,369.999999999998,99.1653935341768,1
60.4351087771943,10.8103427527793,2.59570143157362e-13,369.999999999998,99.3816545798194,1
60.4551137784446,10.7776642662062,2.59570143157362e-13,369.999999999998,99.5972618897913,1
60.4751187796949,10.745649774183,2.60241551850223e-13,369.999999999998,99.8122287473545,1
60.4951237809452,10.7142857673537,2.60458321577062e-13,369.999999999998,100.026568165515,1
60.5151287821955,10.6835590115814,2.61130174470183e-13,369.999999999998,100.24029289253,1
60.5351337834459,10.653456542334,2.62018574990013e-13,369.999999999998,100.453415417299,1
60.5551387846962,10.6239656591848,2.62906975509843e-13,369.999999999998,100.665947974648,1
60.5751437859465,10.5950739204246,2.63122856836162e-13,369.999999999998,100.877902550507,1
60.5951487871968,10.566769137785,2.63795598129803e-13,369.999999999998,101.089290886979,1
60.6151537884471,10.5390393712685,2.64683998649633e-13,369.999999999998,101.300124487306,1
60.6351587896974,10.5118729240845,2.65572399169463e-13,369.999999999998,101.510414620734,1
60.6551637909477,10.524882328585,2.65787392095262e-13,369.999999999998,101.720964807098,1
60.6751687921981,10.5574813438555,2.65787392095262e-13,369.999999999998,101.932167102731,1
60.6951737934484,10.5935556831448,2.65787392095262e-13,369.999999999998,102.144091058994,1
60.7151787946987,10.5817507188112,2.65787392095262e-13,369.999999999998,102.355779098421,1
60.735183795949,10.5540340908966,2.65787392095262e-13,369.999999999998,102.566912669487,1
60.7551887971993,10.5265513606255,2.65787392095262e-13,369.999999999998,102.777496446481,1
60.7751937984496,10.4996204913804,2.65787392095262e-13,369.999999999998,102.987541469327,1
60.7951987996999,10.4732368366104,2.66462354390203e-13,369.999999999998,103.197058685091,1
60.8152038009502,10.4473893961528,2.66675570514963e-13,369.999999999998,103.406058820782,1
60.8352088022005,10.422067262401,2.67350977010163e-13,369.999999999998,103.6145523852,1
60.8552138034509,10.39817443584,2.68239377529994e-13,369.999999999998,103.822567967104,1
60.8752188047012,10.3759887754754,2.68451927354363e-13,369.999999999998,104.030139718389,1
60.8952238059515,10.3554816806295,2.69128000149954e-13,369.999999999998,104.237301218887,1
60.9152288072018,10.3366189995093,2.69340105774063e-13,369.999999999998,104.444085365223,1
60.9352338084521,10.3183964231945,2.70016622769914e-13,369.999999999998,104.650504967673,1
60.9552388097024,10.3004584118469,2.70228284193763e-13,369.999999999998,104.856565719173,1
60.9752438109527,10.2827875670927,2.70905245389874e-13,369.999999999998,105.062272964411,1
60.9952488122031,10.2653800423335,2.7111646261346297e-13,369.999999999998,105.267631971116,1
61.0152538134534,10.2482324308045,2.71793868009834e-13,369.999999999998,105.472647938865,1
61.0352588147037,10.2313413659602,2.72004641033163e-13,369.999999999998,105.677325999886,1
61.055263815954,10.2147035108423,2.7268249062979297e-13,369.999999999998,105.881671219653,1
61.0752688172043,10.1983155580051,2.7289281945286297e-13,369.999999999998,106.085688597473,1
61.0952738184546,10.1821742296914,2.73571113249754e-13,369.999999999998,106.289383067082,1
61.1152788197049,10.1662762779954,2.73780997872564e-13,369.999999999998,106.492759497241,1
61.1352838209552,10.190483353176,2.73780997872564e-13,369.999999999998,106.6966199897,1
61.1552888222055,10.2409591501139,2.73780997872564e-13,369.999999999998,106.901490180988,1
61.1752938234559,10.2903832508009,2.73780997872564e-13,369.999999999998,107.107349128103,1
61.1952988247062,10.2883562017828,2.73780997872564e-13,369.999999999998,107.313167773136,1
61.2153038259565,10.270218775846,2.73780997872564e-13,369.999999999998,107.518623582908,1
61.2353088272068,10.2520476263205,2.73780997872564e-13,369.999999999998,107.723715877791,1
61.2553138284571,10.2341661624247,2.73780997872564e-13,369.999999999998,107.92845045286,1
61.2753188297074,10.2165765369356,2.73780997872564e-13,369.999999999998,108.132833146357,1
61.2953238309577,10.1992744105549,2.73780997872564e-13,369.999999999998,108.33686970972,1
61.3153288322081,10.1822553715027,2.73780997872564e-13,369.999999999998,108.540565806126,1
61.3353338334584,10.1655150658337,2.73780997872564e-13,369.999999999998,108.743927011652,1
61.3553388347087,10.1490491994725,2.73780997872564e-13,369.999999999998,108.946958816475,1
61.375343835959,10.1328535376334,2.74462401071273e-13,369.999999999998,109.149666626049,1
61.3953488372093,10.1169239041876,2.74669176292264e-13,369.999999999998,109.352055762291,1
61.4153538384596,10.1012561810303,2.75351023691233e-13,369.999999999998,109.554131464729,1
61.4353588397099,10.0858463074499,2.75557354711964e-13,369.999999999998,109.755898891661,1
61.4553638409602,10.0706902794979,2.75557354711964e-13,369.999999999998,109.957363121282,1
61.4753688422105,10.0557841493619,2.75557354711964e-13,369.999999999998,110.158529152813,1
61.4953738434609,10.041124024739,2.75557354711964e-13,369.999999999998,110.359401907611,1
61.5153788447112,10.026706068213,2.75557354711964e-13,369.999999999998,110.55998623026,1
61.5353838459615,10.0125264966329,2.75557354711964e-13,369.999999999998,110.760286889667,1
61.5553888472118,9.99858158049425,2.75557354711964e-13,369.999999999998,110.960308580128,1
61.5753938484621,9.9848676433236,2.75557354711964e-13,369.999999999998,111.16005592239,1
61.5953988497124,9.97138106106501,2.75557354711964e-13,369.999999999998,111.359533464703,1
61.6154038509627,9.95811826147013,2.75557354711964e-13,369.999999999998,111.558745683851,1
61.6354088522131,9.94507572349116,2.75557354711964e-13,369.999999999998,111.757696986183,1
61.6554138534634,9.93224997667712,2.75557354711964e-13,369.999999999998,111.956391708617,1
61.6754188547137,9.91963760057338,2.75557354711964e-13,369.999999999998,112.154834119648,1
61.695423855964,9.90723522412476,2.75557354711964e-13,369.999999999998,112.353028420333,1
61.7154288572143,9.89503952508214,2.75557354711964e-13,369.999999999998,112.550978745264,1
61.7354338584646,9.88304722941281,2.75557354711964e-13,369.999999999998,112.748689163538,1
61.7554388597149,9.8712551107145,2.75557354711964e-13,369.999999999998,112.946163679709,1
61.7754438609652,9.85965998963339,2.75557354711964e-13,369.999999999998,113.143406234725,1
61.7954488622156,9.84825873328595,2.75557354711964e-13,369.999999999998,113.340420706862,1
61.8154538634659,9.83704825468492,2.75557354711964e-13,369.999999999998,113.53721091264,1
61.8354588647162,9.82602551216939,2.75557354711964e-13,369.999999999998,113.733780607732,1
61.8554638659665,9.81518750883892,2.75557354711964e-13,369.999999999998,113.930133487857,1
61.8754688672168,9.80453129199208,2.75557354711964e-13,369.999999999998,114.126273189663,1
61.8954738684671,9.79405395256919,2.75557354711964e-13,369.999999999998,114.322203291605,1
61.9154788697174,9.78375262459949,2.75557354711964e-13,369.999999999998,114.517927314802,1
61.9354838709677,9.77362448465263,2.75557354711964e-13,369.999999999998,114.713448723893,1
61.9554888722181,9.76366675129476,2.75557354711964e-13,369.999999999998,114.90877092787,1
61.9754938734684,9.753876684549,2.75557354711964e-13,369.999999999998,115.103897280915,1
61.9954988747187,9.74425158536056,2.75557354711964e-13,369.999999999998,115.298831083215,1
62.015503875969,9.7347887950664,2.75557354711964e-13,369.999999999998,115.493575581768,1
62.0355088772193,9.77585134029166,2.75557354711964e-13,369.999999999998,115.689141284094,1
62.0555138784696,9.81695754071166,2.75557354711964e-13,369.999999999998,115.885529388926,1
62.0755188797199,9.86509097959876,2.75557354711964e-13,369.999999999998,116.082880346944,1
62.0955238809702,9.8680463648444,2.75557354711964e-13,369.999999999998,116.280290669597,1
62.1155288822206,9.85620060414757,2.75557354711964e-13,369.999999999998,116.477464021913,1
62.1355338834709,9.84426644864778,2.75557354711964e-13,369.999999999998,116.674398630707,1
62.1555388847212,9.83254022220849,2.75557354711964e-13,369.999999999998,116.871098655515,1
62.1755438859715,9.82102427570868,2.75557354711964e-13,369.999999999998,117.067568302999,1
62.1955488872218,9.80971502758751,2.75557354711964e-13,369.999999999998,117.263811708174,1
62.2155538884721,9.79860883766218,2.75557354711964e-13,369.999999999998,117.459832933234,1
62.2355588897224,9.78770212589476,2.75557354711964e-13,369.999999999998,117.655635968753,1
62.2555638909727,9.77699137379566,2.75557354711964e-13,369.999999999998,117.851224734916,1
62.2755688922231,9.76647312344937,2.75557354711964e-13,369.999999999998,118.046603082736,1
62.2955738934734,9.75614397650753,2.75557354711964e-13,369.999999999998,118.241774795238,1
62.3155788947237,9.74600059319694,2.75557354711964e-13,369.999999999998,118.436743588637,1
62.335583895974,9.73603969134325,2.75557354711964e-13,369.999999999998,118.631513113486,1
62.3555888972243,9.72625804541017,2.75557354711964e-13,369.999999999998,118.826086955813,1
62.3755938984746,9.7166524855538,2.75557354711964e-13,369.999999999998,119.020468638232,1
62.3955988997249,9.70721989669211,2.75557354711964e-13,369.999999999998,119.214661621039,1
62.4156039009752,9.69795721758917,2.75557354711964e-13,369.999999999998,119.40866930329,1
62.4356089022256,9.68886143995399,2.75557354711964e-13,369.999999999998,119.602495023862,1
62.4556139034759,9.67992960755364,2.75557354711964e-13,369.999999999998,119.796142062489,1
62.4756189047262,9.67115881534072,2.75557354711964e-13,369.999999999998,119.989613640792,1
62.4956239059765,9.66254620859457,2.75557354711964e-13,369.999999999998,120.182912923283,1
62.5156289072268,9.65408898207636,2.75557354711964e-13,369.999999999998,120.376043018352,1
62.5356339084771,9.64578437919769,2.75557354711964e-13,369.999999999998,120.569006979246,1
62.5556389097274,9.63762969120252,2.75557354711964e-13,369.999999999998,120.761807805024,1
62.5756439109777,9.62962225636222,2.75557354711964e-13,369.999999999998,120.954448441495,1
62.5956489122281,9.62175945918366,2.75557354711964e-13,369.999999999998,121.146931782144,1
62.6156539134784,9.61403872962991,2.75557354711964e-13,369.999999999998,121.339260669045,1
62.6356589147287,9.6064575423536,2.75557354711964e-13,369.999999999998,121.531437893751,1
62.655663915979,9.59901341594268,2.75557354711964e-13,369.999999999998,121.723466198174,1
62.6756689172293,9.59170391217826,2.75557354711964e-13,369.999999999998,121.915348275449,1
62.6956739184796,9.58452663530452,2.75557354711964e-13,369.999999999998,122.107086770784,1
62.7156789197299,9.57747923131044,2.75557354711964e-13,369.999999999998,122.298684282296,1
62.7356839209802,9.57055938722321,2.75557354711964e-13,369.999999999998,122.490143361828,1
62.7556889222306,9.56376483041299,2.76254082819641e-13,369.999999999998,122.681466515763,1
62.7756939234809,9.55709332790909,2.76445533131664e-13,369.999999999998,122.872656205809,1
62.7956989247312,9.55054268572722,2.76445533131664e-13,369.999999999998,123.063714849786,1
62.8157039259815,9.54411074820765,2.76445533131664e-13,369.999999999998,123.254644822389,1
62.8357089272318,9.53779539736428,2.76445533131664e-13,369.999999999998,123.445448455942,1
62.8557139284821,9.53159455224416,2.7714337173999e-13,369.999999999998,123.636128041141,1
62.8757189297324,9.52550616829761,2.77333711551364e-13,369.999999999998,123.826685827779,1
62.8957239309827,9.51952823675859,2.77333711551364e-13,369.999999999998,124.017124025464,1
62.9157289322331,9.51365878403515,2.77333711551364e-13,369.999999999998,124.207444804323,1
62.9357339334834,9.50789587111,2.77333711551364e-13,369.999999999998,124.397650295692,1
62.9557389347337,9.50223759295076,2.77333711551364e-13,369.999999999998,124.587742592796,1
62.975743935984,9.49668207792998,2.7803288276047e-13,369.999999999998,124.777723751419,1
62.9957489372343,9.49122748725467,2.78221889971064e-13,369.999999999998,124.967595790561,1
63.0157539384846,9.48587201440522,2.78221889971064e-13,369.999999999998,125.157360693079,1
63.0357589397349,9.48061388458348,2.78221889971064e-13,369.999999999998,125.347020406329,1
63.0557639409852,9.47545135417007,2.78221889971064e-13,369.999999999998,125.536576842782,1
63.0757689422356,9.47038271019052,2.78221889971064e-13,369.999999999998,125.726031880644,1
63.0957739434859,9.46540626979025,2.7892239378095e-13,369.999999999998,125.915387364454,1
63.1157789447362,9.46052037971827,2.79110068390764e-13,369.999999999998,126.104645105677,1
63.1357839459865,9.45572341581939,2.79110068390764e-13,369.999999999998,126.293806883288,1
63.1557889472368,9.4510137825348,2.79110068390764e-13,369.999999999998,126.482874444342,1
63.1757939484871,9.44638991241095,2.79110068390764e-13,369.999999999998,126.671849504537,1
63.1957989497374,9.44185026561663,2.79110068390764e-13,369.999999999998,126.860733748767,1
63.2158039509877,9.43739332946794,2.79110068390764e-13,369.999999999998,127.049528831664,1
63.2358089522381,9.43301761796127,2.79110068390764e-13,369.999999999998,127.238236378132,1
63.2558139534884,9.42872167131398,2.7981234900169e-13,369.999999999998,127.426857983874,1
63.2758189547387,9.42450405551272,2.79998246810464e-13,369.999999999998,127.615395215903,1
63.295823955989,9.4203633618693,2.79998246810464e-13,369.999999999998,127.803849613052,1
63.3158289572393,9.41629820658397,2.79998246810464e-13,369.999999999998,127.992222686473,1
63.3358339584896,9.41230723031591,2.79998246810464e-13,369.999999999998,128.180515920121,1
63.3558389597399,9.408389097761,2.79998246810464e-13,369.999999999998,128.36873077124,1
63.3758439609902,9.40454249723657,2.79998246810464e-13,369.999999999998,128.556868670834,1
63.3958489622406,9.40076614027307,2.79998246810464e-13,369.999999999998,128.744931024129,1
63.4158539634909,9.3970587612127,2.8070230422243e-13,369.999999999998,128.932919211034,1
63.4358589647412,9.3934191168146,2.80886425230165e-13,369.999999999998,129.120834586585,1
63.4558639659915,9.38984598586678,2.80886425230165e-13,369.999999999998,129.30867848139,1
63.4758689672418,9.3863381688045,2.80886425230165e-13,369.999999999998,129.496452202055,1
63.4958739684921,9.38289448733506,2.80886425230165e-13,369.999999999998,129.68415703162,1
63.5158789697424,9.37951378406892,2.80886425230165e-13,369.999999999998,129.871794229967,1
63.5358839709927,9.37619492215701,2.80886425230165e-13,369.999999999998,130.059365034237,1
63.5558889722431,9.37293678493415,2.80886425230165e-13,369.999999999998,130.246870659231,1
63.5758939734934,9.36973827556842,2.80886425230165e-13,369.999999999998,130.43431229781,1
63.5958989747437,9.36659831671654,2.8159248154329897e-13,369.999999999998,130.62169112128,1
63.615903975994,9.36351585018498,2.81774603649865e-13,369.999999999998,130.809008279779,1
63.6359089772443,9.36048983659679,2.81774603649865e-13,369.999999999998,130.996264902653,1
63.6559139784946,9.35751925506415,2.81774603649865e-13,369.999999999998,131.183462098824,1
63.6759189797449,9.35460310286631,2.81774603649865e-13,369.999999999998,131.370600957155,1
63.6959239809952,9.35174039513312,2.81774603649865e-13,369.999999999998,131.557682546805,1
63.7159289822456,9.39894627770903,2.81774603649865e-13,369.999999999998,131.745708239848,1
63.7359339834959,9.45457004141474,2.81774603649865e-13,369.999999999998,131.93484670824,1
63.7559389847462,9.50440051598544,2.81774603649865e-13,369.999999999998,132.124982058632,1
63.7759439859965,9.5102495994814,2.81774603649865e-13,369.999999999998,132.315234633888,1
63.7959489872468,9.50442008731491,2.81774603649865e-13,369.999999999998,132.505370593653,1
63.8159539884971,9.49846859857178,2.81774603649865e-13,369.999999999998,132.695387493504,1
63.8359589897474,9.49262855394608,2.81774603649865e-13,369.999999999998,132.885287562801,1
63.8559639909978,9.48690249238039,2.81774603649865e-13,369.999999999998,133.075073081784,1
63.8759689922481,9.48128828743776,2.81774603649865e-13,369.999999999998,133.264746288152,1
63.8959739934984,9.47578375992389,2.81774603649865e-13,369.999999999998,133.454309376012,1
63.9159789947487,9.47038677113389,2.81774603649865e-13,369.999999999998,133.643764496683,1
63.935983995999,9.46509522394677,2.81774603649865e-13,369.999999999998,133.833113759533,1
63.9559889972493,9.45990706205623,2.81774603649865e-13,369.999999999998,134.022359232793,1
63.9759939984996,9.45482026917882,2.81774603649865e-13,369.999999999998,134.211502944358,1
63.9959989997499,9.44983286827667,2.81774603649865e-13,369.999999999998,134.400546882572,1
64.0160040010003,9.4449429207952,2.81774603649865e-13,369.999999999998,134.589492996999,1
64.0360090022506,9.44014852591566,2.81774603649865e-13,369.999999999998,134.778343199175,1
64.0560140035009,9.43544781982215,2.81774603649865e-13,369.999999999998,134.967099363353,1
64.0760190047512,9.43083897498283,2.81774603649865e-13,369.999999999998,135.155763327223,1
64.0960240060015,9.42632019944506,2.81774603649865e-13,369.999999999998,135.34433689263,1
64.1160290072518,9.4218897361442,2.81774603649865e-13,369.999999999998,135.532821826265,1
64.1360340085021,9.41754586222579,2.81774603649865e-13,369.999999999998,135.721219860358,1
64.1560390097524,9.41328688838094,2.81774603649865e-13,369.999999999998,135.90953269334,1
64.1760440110027,9.4091111581945,2.81774603649865e-13,369.999999999998,136.097761990507,1
64.1960490122531,9.40501704750594,2.81774603649865e-13,369.999999999998,136.285909384664,1
64.2160540135034,9.4010029637826,2.81774603649865e-13,369.999999999998,136.473976476756,1
64.2360590147537,9.39706734550506,2.81774603649865e-13,369.999999999998,136.661964836491,1
64.256064016004,9.39320866156447,2.81774603649865e-13,369.999999999998,136.849876002945,1
64.2760690172543,9.38942541067154,2.81774603649865e-13,369.999999999998,137.037711485164,1
64.2960740185046,9.38571612077702,2.81774603649865e-13,369.999999999998,137.225472762743,1
64.3160790197549,9.38207934850335,2.81774603649865e-13,369.999999999998,137.413161286403,1
64.3360840210052,9.37851367858741,2.81774603649865e-13,369.999999999998,137.600778478551,1
64.3560890222556,9.37501772333401,2.81774603649865e-13,369.999999999998,137.788325733835,1
64.3760940235059,9.37159012208005,2.81774603649865e-13,369.999999999998,137.975804419682,1
64.3960990247562,9.36822954066899,2.81774603649865e-13,369.999999999998,138.163215876829,1
64.4161040260065,9.36493467093557,2.81774603649865e-13,369.999999999998,138.350561419844,1
64.4361090272568,9.36170423020051,2.81774603649865e-13,369.999999999998,138.537842337634,1
64.4561140285071,9.35853696077504,2.81774603649865e-13,369.999999999998,138.725059893945,1
64.4761190297574,9.35543162947494,2.81774603649865e-13,369.999999999998,138.912215327855,1
64.4961240310078,9.35238702714413,2.81774603649865e-13,369.999999999998,139.099309854252,1
64.5161290322581,9.34940196818746,2.81774603649865e-13,369.999999999998,139.286344664306,1
64.5361340335084,9.3464752901125,2.81774603649865e-13,369.999999999998,139.47332092593,1
64.5561390347587,9.34360585308036,2.81774603649865e-13,369.999999999998,139.660239784236,1
64.576144036009,9.34079253946503,2.81774603649865e-13,369.999999999998,139.847102361978,1
64.5961490372593,9.33803425342148,2.81774603649865e-13,369.999999999998,140.033909759987,1
64.6161540385096,9.335329920462,2.81774603649865e-13,369.999999999998,140.220663057597,1
64.6361590397599,9.33267848704079,2.82492209169758e-13,369.999999999998,140.40736331307,1
64.6561640410103,9.33007892014667,2.82662782069565e-13,369.999999999998,140.594011563997,1
64.6761690422606,9.32753020690358,2.82662782069565e-13,369.999999999998,140.780608827712,1
64.6961740435109,9.32503135417898,2.82662782069565e-13,369.999999999998,140.967156101677,1
64.7161790447612,9.32258138819972,2.82662782069565e-13,369.999999999998,141.153654363876,1
64.7361840460115,9.32017935417543,2.82662782069565e-13,369.999999999998,141.340104573192,1
64.7561890472618,9.31782431592925,2.82662782069565e-13,369.999999999998,141.526507669777,1
64.7761940485121,9.31551535553562,2.82662782069565e-13,369.999999999998,141.712864575424,1
64.7961990497624,9.31325157296523,2.82662782069565e-13,369.999999999998,141.899176193919,1
64.8162040510127,9.31103208573678,2.82662782069565e-13,369.999999999998,142.085443411393,1
64.8362090522631,9.30885602857552,2.82662782069565e-13,369.999999999998,142.271667096668,1
64.8562140535134,9.30672255307843,2.82662782069565e-13,369.999999999998,142.457848101595,1
64.8762190547637,9.3046308273859,2.82662782069565e-13,369.999999999998,142.64398726138,1
64.896224056014,9.30258003585977,2.83383274891147e-13,369.999999999998,142.830085394915,1
64.9162290572643,9.30056937876766,2.83550960489265e-13,369.999999999998,143.016143305093,1
64.9362340585146,9.29859807197335,2.83550960489265e-13,369.999999999998,143.20216177912,1
64.9562390597649,9.29666534663328,2.83550960489265e-13,369.999999999998,143.38814158882,1
64.9762440610153,9.29477044889887,2.83550960489265e-13,369.999999999998,143.574083490938,1
64.9962490622656,9.29291263962462,2.83550960489265e-13,369.999999999998,143.759988227431,1
65.0162540635159,9.29109119408196,2.83550960489265e-13,369.999999999998,143.94585652576,1
65.0362590647662,9.28930540167853,2.83550960489265e-13,369.999999999998,144.131689099166,1
65.0562640660165,9.28755456568302,2.83550960489265e-13,369.999999999998,144.317486646958,1
65.0762690672668,9.28583800295533,2.83550960489265e-13,369.999999999998,144.503249854773,1
65.0962740685171,9.28415504368193,2.83550960489265e-13,369.999999999998,144.688979394852,1
65.1162790697674,9.28250503111642,2.83550960489265e-13,369.999999999998,144.874675926295,1
65.1362840710178,9.28088732132507,2.83550960489265e-13,369.999999999998,145.060340095324,1
65.1562890722681,9.27930128293736,2.83550960489265e-13,369.999999999998,145.245972535526,1
65.1762940735184,9.27774629690135,2.83550960489265e-13,369.999999999998,145.431573868106,1
65.1962990747687,9.27622175624378,2.83550960489265e-13,369.999999999998,145.617144702128,1
65.216304076019,9.27472706583484,2.83550960489265e-13,369.999999999998,145.802685634746,1
65.2363090772693,9.27326164215755,2.83550960489265e-13,369.999999999998,145.988197251445,1
65.2563140785196,9.27182491308158,2.83550960489265e-13,369.999999999998,146.173680126262,1
65.2763190797699,9.27041631764145,2.84275673213317e-13,369.999999999998,146.359134822013,1
65.2963240810203,9.26903530581913,2.84439138908965e-13,369.999999999998,146.54456189051,1
65.3163290822706,9.26768133833072,2.84439138908965e-13,369.999999999998,146.729961872778,1
65.3363340835209,9.26635388641745,2.84439138908965e-13,369.999999999998,146.915335299263,1
65.3563390847712,9.26505243164058,2.84439138908965e-13,369.999999999998,147.100682690039,1
65.3763440860215,9.2637764656804,2.84439138908965e-13,369.999999999998,147.286004555012,1
65.3963490872718,9.2625254901391,2.84439138908965e-13,369.999999999998,147.471301394118,1
65.4163540885221,9.26129901634745,2.84439138908965e-13,369.999999999998,147.656573697515,1
65.4363590897724,9.26009656517525,2.84439138908965e-13,369.999999999998,147.84182194578,1
65.4563640910227,9.25891766684553,2.84439138908965e-13,369.999999999998,148.027046610087,1
65.4763690922731,9.25776186075223,2.84439138908965e-13,369.999999999998,148.212248152399,1
65.4963740935234,9.25662869528155,2.84439138908965e-13,369.999999999998,148.397427025644,1
65.5163790947737,9.25551772763673,2.84439138908965e-13,369.999999999998,148.58258367389,1
65.536384096024,9.2544285236662,2.84439138908965e-13,369.999999999998,148.767718532523,1
65.5563890972743,9.25336065769514,2.84439138908965e-13,369.999999999998,148.952832028409,1
65.5763940985246,9.25231371236025,2.84439138908965e-13,369.999999999998,149.137924580069,1
65.5963990997749,9.25128727844778,2.84439138908965e-13,369.999999999998,149.322996597834,1
65.6164041010253,9.2502809547347,2.84439138908965e-13,369.999999999998,149.508048484011,1
65.6364091022756,9.24929434783295,2.84439138908965e-13,369.999999999998,149.693080633037,1
65.6564141035259,9.24832707203672,2.84439138908965e-13,369.999999999998,149.878093431632,1
65.6764191047762,9.2473787491727,2.84439138908965e-13,369.999999999998,150.06308725895,1
65.6964241060265,9.24644900845325,2.84439138908965e-13,369.999999999998,150.248062486729,1
65.7164291072768,9.24553748633245,2.84439138908965e-13,369.999999999998,150.433019479433,1
65.7364341085271,9.24464382636487,2.84439138908965e-13,369.999999999998,150.617958594397,1
65.7564391097774,9.24376767906719,2.84439138908965e-13,369.999999999998,150.802880181962,1
65.7764441110278,9.24290870178246,2.84439138908965e-13,369.999999999998,150.987784585617,1
65.7964491122781,9.24206655854699,2.84439138908965e-13,369.999999999998,151.172672142127,1
65.8164541135284,9.24124091995983,2.84439138908965e-13,369.999999999998,151.357543181669,1
65.8364591147787,9.24043146305484,2.84439138908965e-13,369.999999999998,151.54239802796,1
65.856464116029,9.23963787117521,2.84439138908965e-13,369.999999999998,151.72723699838,1
65.8764691172793,9.23885983385041,2.85170514636915e-13,369.999999999998,151.9120604041,1
65.8964741185296,9.28599403189818,2.85327317328665e-13,369.999999999998,152.097826489904,1
65.91647911978,9.34227278806712,2.85327317328665e-13,369.999999999998,152.284718437845,1
65.9364841210303,9.39366088917015,2.85327317328665e-13,369.999999999998,152.472638427999,1
65.9564891222806,9.44591202807981,2.85327317328665e-13,369.999999999998,152.661603692905,1
65.9764941235309,9.49737745349608,2.85327317328665e-13,369.999999999998,152.851598529555,1
65.9964991247812,9.50216528723753,2.85327317328665e-13,369.999999999998,153.041689378949,1
66.0165041260315,9.49624261845417,2.85327317328665e-13,369.999999999998,153.231661749582,1
66.0365091272818,9.49022395799895,2.85327317328665e-13,369.999999999998,153.421513716495,1
66.0565141285321,9.48432325572362,2.85327317328665e-13,369.999999999998,153.611247639358,1
66.0765191297824,9.4785424361123,2.85327317328665e-13,369.999999999998,153.800865916431,1
66.0965241310328,9.47287914985709,2.85327317328665e-13,369.999999999998,153.990370898979,1
66.1165291322831,9.46733100906836,2.85327317328665e-13,369.999999999998,154.179764890497,1
66.1365341335334,9.46189567264647,2.85327317328665e-13,369.999999999998,154.369050147645,1
66.1565391347837,9.45657084705528,2.85327317328665e-13,369.999999999998,154.558228881202,1
66.176544136034,9.4513542853902,2.85327317328665e-13,369.999999999998,154.747303256997,1
66.1965491372843,9.44624378643082,2.85327317328665e-13,369.999999999998,154.936275396824,1
66.2165541385346,9.44123719371202,2.85327317328665e-13,369.999999999998,155.125147379334,1
66.2365591397849,9.43633239461408,2.85327317328665e-13,369.999999999998,155.31392124092,1
66.2565641410353,9.43152731947115,2.85327317328665e-13,369.999999999998,155.502598976565,1
66.2765691422856,9.42681994069792,2.85327317328665e-13,369.999999999998,155.691182540695,1
66.2965741435359,9.42220827193402,2.85327317328665e-13,369.999999999998,155.879673847997,1
66.3165791447862,9.41769036720588,2.85327317328665e-13,369.999999999998,156.068074774227,1
66.3365841460365,9.41326432010554,2.85327317328665e-13,369.999999999998,156.256387157006,1
66.3565891472868,9.40892826298617,2.85327317328665e-13,369.999999999998,156.444612796591,1
66.3765941485371,9.40468036617406,2.85327317328665e-13,369.999999999998,156.632753456635,1
66.3965991497874,9.40051883719645,2.85327317328665e-13,369.999999999998,156.820810864936,1
66.4166041510378,9.39644192002523,2.85327317328665e-13,369.999999999998,157.008786714158,1
66.4366091522881,9.39244789433591,2.85327317328665e-13,369.999999999998,157.196682662554,1
66.4566141535384,9.38853507478169,2.85327317328665e-13,369.999999999998,157.384500334659,1
66.4766191547887,9.3847018102823,2.85327317328665e-13,369.999999999998,157.572241321978,1
66.496624156039,9.38094648332729,2.85327317328665e-13,369.999999999998,157.759907183659,1
66.5166291572893,9.37726750929346,2.85327317328665e-13,369.999999999998,157.947499447148,1
66.5366341585396,9.37366333577624,2.85327317328665e-13,369.999999999998,158.135019608836,1
66.55663915979,9.37013244193458,2.85327317328665e-13,369.999999999998,158.322469134689,1
66.5766441610403,9.3666733378492,2.85327317328665e-13,369.999999999998,158.509849460868,1
66.5966491622906,9.3632845638939,2.85327317328665e-13,369.999999999998,158.697161994332,1
66.6166541635409,9.35996469011964,2.85327317328665e-13,369.999999999998,158.884408113435,1
66.6366591647912,9.35671231565113,2.85327317328665e-13,369.999999999998,159.071589168507,1
66.6566641660415,9.35352606809569,2.85327317328665e-13,369.999999999998,159.258706482422,1
66.6766691672918,9.35040460296418,2.85327317328665e-13,369.999999999998,159.445761351158,1
66.6966741685421,9.34734660310361,2.85327317328665e-13,369.999999999998,159.632755044344,1
66.7166791697924,9.34435077814139,2.85327317328665e-13,369.999999999998,159.819688805793,1
66.7366841710428,9.34141586394077,2.85327317328665e-13,369.999999999998,160.006563854031,1
66.7566891722931,9.33854062206747,2.85327317328665e-13,369.999999999998,160.193381382807,1
66.7766941735434,9.33572383926707,2.85327317328665e-13,369.999999999998,160.380142561599,1
66.7966991747937,9.33296432695302,2.85327317328665e-13,369.999999999998,160.56684853611,1
66.816704176044,9.33026092070517,2.85327317328665e-13,369.999999999998,160.753500428746,1
66.8367091772943,9.32761247977833,2.85327317328665e-13,369.999999999998,160.940099339092,1
66.8567141785446,9.32501788662097,2.85327317328665e-13,369.999999999998,161.126646344377,1
66.8767191797949,9.3224760464036,2.85327317328665e-13,369.999999999998,161.31314249993,1
66.8967241810453,9.31998588655682,2.85327317328665e-13,369.999999999998,161.49958883962,1
66.9167291822956,9.31754635631871,2.85327317328665e-13,369.999999999998,161.685986376296,1
66.9367341835459,9.31515642629144,2.85327317328665e-13,369.999999999998,161.872336102215,1
66.9567391847962,9.3128150880069,2.85327317328665e-13,369.999999999998,162.05863898946,1
66.9767441860465,9.31052135350114,2.85327317328665e-13,369.999999999998,162.244895990347,1
66.9967491872968,9.30827425489751,2.85327317328665e-13,369.999999999998,162.431108037832,1
67.0167541885471,9.3060728439982,2.85327317328665e-13,369.999999999998,162.617276045902,1
67.0367591897975,9.30391619188415,2.85327317328665e-13,369.999999999998,162.803400909959,1
67.0567641910478,9.3018033885231,2.85327317328665e-13,369.999999999998,162.989483507201,1
67.0767691922981,9.29973354238553,2.85327317328665e-13,369.999999999998,163.175524696993,1
67.0967741935484,9.29770578006849,2.85327317328665e-13,369.999999999998,163.361525321223,1
67.1167791947987,9.29571924592707,2.85327317328665e-13,369.999999999998,163.547486204666,1
67.136784196049,9.2937731017133,2.85327317328665e-13,369.999999999998,163.733408155325,1
67.1567891972993,9.29186652622246,2.85327317328665e-13,369.999999999998,163.919291964775,1
67.1767941985496,9.28999871494654,2.85327317328665e-13,369.999999999998,164.1051384085,1
67.1967991998,9.2881688797348,2.85327317328665e-13,369.999999999998,164.290948246211,1
67.2168042010503,9.28637624846114,2.85327317328665e-13,369.999999999998,164.476722222179,1
67.2368092023006,9.28462006469832,2.85327317328665e-13,369.999999999998,164.662461065537,1
67.2568142035509,9.28289958739876,2.85327317328665e-13,369.999999999998,164.848165490598,1
67.2768192048012,9.28121409058184,2.85327317328665e-13,369.999999999998,165.033836197148,1
67.2968242060515,9.27956286302757,2.85327317328665e-13,369.999999999998,165.219473870748,1
67.3168292073018,9.27794520797645,2.85327317328665e-13,369.999999999998,165.405079183017,1
67.3368342085521,9.27636044283549,2.85327317328665e-13,369.999999999998,165.590652791922,1
67.3568392098024,9.27480789889014,2.85327317328665e-13,369.999999999998,165.77619534205,1
67.3768442110528,9.27328692102215,2.85327317328665e-13,369.999999999998,165.961707464884,1
67.3968492123031,9.27179686743312,2.85327317328665e-13,369.999999999998,166.147189779066,1
67.4168542135534,9.27033710937365,2.85327317328665e-13,369.999999999998,166.33264289066,1
67.4368592148037,9.26890703087808,2.85327317328665e-13,369.999999999998,166.51806739341,1
67.456864216054,9.2675060285045,2.85327317328665e-13,369.999999999998,166.703463868985,1
67.4768692173043,9.26613351108021,2.85327317328665e-13,369.999999999998,166.888832887229,1
67.4968742185546,9.26478889945217,2.85327317328665e-13,369.999999999998,167.074175006401,1
67.5168792198049,9.26347162624267,2.85327317328665e-13,369.999999999998,167.259490773407,1
67.5368842210553,9.2621811356099,2.85327317328665e-13,369.999999999998,167.444780724035,1
67.5568892223056,9.2609168830134,2.85327317328665e-13,369.999999999998,167.630045383179,1
67.5768942235559,9.25967833498429,2.85327317328665e-13,369.999999999998,167.815285265062,1
67.5968992248062,9.25846496890014,2.85327317328665e-13,369.999999999998,168.000500873451,1
67.6169042260565,9.25727627276446,2.85327317328665e-13,369.999999999998,168.18569270187,1
67.6369092273068,9.25611174499067,2.85327317328665e-13,369.999999999998,168.370861233808,1
67.6569142285571,9.25497089419038,2.85327317328665e-13,369.999999999998,168.556006942927,1
67.6769192298075,9.25385323896611,2.85327317328665e-13,369.999999999998,168.741130293255,1
67.6969242310578,9.25275830770814,2.85327317328665e-13,369.999999999998,168.926231739387,1
67.7169292323081,9.25168563839547,2.85327317328665e-13,369.999999999998,169.111311726676,1
67.7369342335584,9.25063477840089,2.85327317328665e-13,369.999999999998,169.296370691419,1
67.7569392348087,9.24960528429999,2.85327317328665e-13,369.999999999998,169.481409061042,1
67.776944236059,9.24859672168402,2.85327317328665e-13,369.999999999998,169.666427254282,1
67.7969492373093,9.24760866497664,2.85327317328665e-13,369.999999999998,169.851425681361,1
67.8169542385596,9.24664069725426,2.85327317328665e-13,369.999999999998,170.03640474416,1
67.83695923981,9.24569241007017,2.85327317328665e-13,369.999999999998,170.221364836392,1
67.8569642410603,9.24476340328219,2.85327317328665e-13,369.999999999998,170.406306343761,1
67.8769692423106,9.24385328488379,2.85327317328665e-13,369.999999999998,170.591229644132,1
67.8969742435609,9.24296167083868,2.85327317328665e-13,369.999999999998,170.776135107685,1
67.9169792448112,9.24208818491879,2.85327317328665e-13,369.999999999998,170.961023097076,1
67.9369842460615,9.24123245854548,2.85327317328665e-13,369.999999999998,171.145893967586,1
67.9569892473118,9.24039413063402,2.85327317328665e-13,369.999999999998,171.330748067272,1
67.9769942485621,9.23957284744125,2.85327317328665e-13,369.999999999998,171.515585737116,1
67.9969992498124,9.23876826241628,2.85327317328665e-13,369.999999999998,171.700407311166,1
68.0170042510628,9.23798003605425,2.85327317328665e-13,369.999999999998,171.885213116678,1
68.0370092523131,9.23720783575311,2.85327317328665e-13,369.999999999998,172.070003474255,1
68.0570142535634,9.23645133567325,2.85327317328665e-13,369.999999999998,172.254778697981,1
68.0770192548137,9.23571021659998,2.85327317328665e-13,369.999999999998,172.439539095556,1
68.097024256064,9.23498416580888,2.85327317328665e-13,369.999999999998,172.62428496842,1
68.1170292573143,9.23427287693381,2.85327317328665e-13,369.999999999998,172.809016611887,1
68.1370342585646,9.23357604983765,2.85327317328665e-13,369.999999999998,172.993734315268,1
68.157039259815,9.23289339048563,2.85327317328665e-13,369.999999999998,173.178438361987,1
68.1770442610653,9.23222461082127,2.85327317328665e-13,369.999999999998,173.363129029711,1
68.1970492623156,9.23156942864485,2.85327317328665e-13,369.999999999998,173.547806590457,1
68.2170542635659,9.23092756749427,2.85327317328665e-13,369.999999999998,173.732471310715,1
68.2370592648162,9.23029875652848,2.85327317328665e-13,369.999999999998,173.917123451554,1
68.2570642660665,9.22968273041311,2.85327317328665e-13,369.999999999998,174.101763268736,1
68.2770692673168,9.22907922920856,2.85327317328665e-13,369.999999999998,174.286391012823,1
68.2970742685671,9.2284879982603,2.85327317328665e-13,369.999999999998,174.471006929282,1
68.3170792698175,9.2279087880914,2.85327317328665e-13,369.999999999998,174.655611258591,1
68.3370842710678,9.22734135429728,2.85327317328665e-13,369.999999999998,174.840204236337,1
68.3570892723181,9.22678545744257,2.85327317328665e-13,369.999999999998,175.024786093318,1
68.3770942735684,9.22624086296007,2.85327317328665e-13,369.999999999998,175.209357055637,1
68.3970992748187,9.22570734105178,2.85327317328665e-13,369.999999999998,175.393917344804,1
68.417104276069,9.22518466659194,2.85327317328665e-13,369.999999999998,175.578467177822,1
68.4371092773193,9.22467261903199,2.85327317328665e-13,369.999999999998,175.763006767283,1
68.4571142785696,9.2241709823076,2.85327317328665e-13,369.999999999998,175.947536321457,1
68.47711927982,9.22367954474737,2.85327317328665e-13,369.999999999998,176.132056044379,1
68.4971242810703,9.22319809898364,2.85327317328665e-13,369.999999999998,176.316566135936,1
68.5171292823206,9.22272644186488,2.85327317328665e-13,369.999999999998,176.501066791951,1
68.5371342835709,9.22226437437005,2.85327317328665e-13,369.999999999998,176.685558204264,1
68.5571392848212,9.22181170152455,2.85327317328665e-13,369.999999999998,176.870040560817,1
68.5771442860715,9.22136823231801,2.85327317328665e-13,369.999999999998,177.05451404573,1
68.5971492873218,9.22093377962366,2.85327317328665e-13,369.999999999998,177.238978839377,1
68.6171542885721,9.22050816011934,2.85327317328665e-13,369.999999999998,177.423435118469,1
68.6371592898224,9.22009119421021,2.85327317328665e-13,369.999999999998,177.60788305612,1
68.6571642910728,9.21968270595291,2.85327317328665e-13,369.999999999998,177.792322821928,1
68.6771692923231,9.21928252298136,2.85327317328665e-13,369.999999999998,177.97675458204,1
68.6971742935734,9.21889047643399,2.85327317328665e-13,369.999999999998,178.161178499226,1
68.7171792948237,9.21850640088249,2.85327317328665e-13,369.999999999998,178.345594732946,1
68.737184296074,9.21813013426206,2.85327317328665e-13,369.999999999998,178.53000343942,1
68.7571892973243,9.21776151780294,2.85327317328665e-13,369.999999999998,178.714404771688,1
68.7771942985746,9.21740039596348,2.85327317328665e-13,369.999999999998,178.898798879681,1
68.797199299825,9.21704661636447,2.85327317328665e-13,369.999999999998,179.083185910283,1
68.8172043010753,9.21670002972487,2.85327317328665e-13,369.999999999998,179.267566007388,1
68.8372093023256,9.21636048979879,2.85327317328665e-13,369.999999999998,179.451939311966,1
68.8572143035759,9.2160278533138,2.85327317328665e-13,369.999999999998,179.636305962122,1
68.8772193048262,9.21570197991045,2.85327317328665e-13,369.999999999998,179.820666093151,1
68.8972243060765,9.21538273208309,2.85327317328665e-13,369.999999999998,180.005019837599,1
68.9172293073268,9.21506997512179,2.85327317328665e-13,369.999999999998,180.189367325317,1
68.9372343085771,9.21476357705553,2.85327317328665e-13,369.999999999998,180.373708683514,1
68.9572393098275,9.21446340859652,2.85327317328665e-13,369.999999999998,180.558044036813,1
68.9772443110778,9.21416934308561,2.85327317328665e-13,369.999999999998,180.742373507306,1
68.9972493123281,9.21388125643889,2.85327317328665e-13,369.999999999998,180.926697214601,1
69.0172543135784,9.21359902709528,2.85327317328665e-13,369.999999999998,181.111015275872,1
69.0372593148287,9.21332253596529,2.85327317328665e-13,369.999999999998,181.295327805913,1
69.057264316079,9.21305166638072,2.85327317328665e-13,369.999999999998,181.479634917184,1
69.0772693173293,9.21278630404546,2.85327317328665e-13,369.999999999998,181.663936719858,1
69.0972743185797,9.21252633698726,2.85327317328665e-13,369.999999999998,181.848233321867,1
69.11727931983,9.21227165551045,2.85327317328665e-13,369.999999999998,182.032524828951,1
69.1372843210803,9.2120221521497,2.85327317328665e-13,369.999999999998,182.216811344697,1
69.1572893223306,9.21177772162463,2.85327317328665e-13,369.999999999998,182.40109297059,1
69.1772943235809,9.21153826079542,2.85327317328665e-13,369.999999999998,182.585369806047,1
69.1972993248312,9.21130366861927,2.85327317328665e-13,369.999999999998,182.769641948466,1
69.2173043260815,9.21107384610776,2.85327317328665e-13,369.999999999998,182.953909493266,1
69.2373093273318,9.21084869628509,2.85327317328665e-13,369.999999999998,183.138172533923,1
69.2573143285821,9.21062812414716,2.85327317328665e-13,369.999999999998,183.322431162015,1
69.2773193298325,9.21041203662147,2.85327317328665e-13,369.999999999998,183.506685467256,1
69.2973243310828,9.21020034252787,2.85327317328665e-13,369.999999999998,183.690935537539,1
69.3173293323331,9.20999295254006,2.85327317328665e-13,369.999999999998,183.875181458965,1
69.3373343335834,9.2097897791479,2.85327317328665e-13,369.999999999998,184.05942331589,1
69.3573393348337,9.20959073662052,2.85327317328665e-13,369.999999999998,184.243661190952,1
69.377344336084,9.20939574097009,2.85327317328665e-13,369.999999999998,184.427895165108,1
69.3973493373343,9.20920470991642,2.85327317328665e-13,369.999999999998,184.61212531767,1
69.4173543385846,9.20901756285221,2.85327317328665e-13,369.999999999998,184.796351726339,1
69.437359339835,9.20883422080907,2.85327317328665e-13,369.999999999998,184.980574467234,1
69.4573643410853,9.20865460642418,2.85327317328665e-13,369.999999999998,185.164793614926,1
69.4773693423356,9.20847864390765,2.85327317328665e-13,369.999999999998,185.349009242473,1
69.4973743435859,9.20830625901053,2.85327317328665e-13,369.999999999998,185.533221421445,1
69.5173793448362,9.20813737899348,2.85327317328665e-13,369.999999999998,185.717430221957,1
69.5373843460865,9.20797193259612,2.86099337380398e-13,369.999999999998,185.901635712698,1
69.5573893473368,9.20780985000686,2.86215495748365e-13,369.999999999998,186.085837960963,1
69.5773943485871,9.20765106283358,2.86215495748365e-13,369.999999999998,186.270037032676,1
69.5973993498375,9.20749550407464,2.86215495748365e-13,369.999999999998,186.454232992422,1
69.6174043510878,9.20734310809069,2.86215495748365e-13,369.999999999998,186.638425903472,1
69.6374093523381,9.20719381057694,2.86215495748365e-13,369.999999999998,186.822615827813,1
69.6574143535884,9.20704754853604,2.86215495748365e-13,369.999999999998,187.006802826168,1
69.6774193548387,9.2069042602515,2.86215495748365e-13,369.999999999998,187.190986958028,1
69.697424356089,9.2067638852616,2.86215495748365e-13,369.999999999998,187.375168281674,1
69.7174293573393,9.20662636433397,2.86215495748365e-13,369.999999999998,187.559346854202,1
69.7374343585897,9.20649163944049,2.86215495748365e-13,369.999999999998,187.743522731545,1
69.75743935984,9.20635965373289,2.86215495748365e-13,369.999999999998,187.927695968503,1
69.7774443610903,9.20623035151873,2.86215495748365e-13,369.999999999998,188.111866618758,1
69.7974493623406,9.20610367823788,2.86215495748365e-13,369.999999999998,188.296034734903,1
69.8174543635909,9.20597958043951,2.86215495748365e-13,369.999999999998,188.48020036846,1
69.8374593648412,9.20585800575957,2.86215495748365e-13,369.999999999998,188.664363569905,1
69.8574643660915,9.20573890289864,2.86215495748365e-13,369.999999999998,188.848524388686,1
69.8774693673418,9.20562222160034,2.86215495748365e-13,369.999999999998,189.032682873247,1
69.8974743685921,9.20550791263006,2.86215495748365e-13,369.999999999998,189.216839071047,1
69.9174793698425,9.20539592775423,2.86215495748365e-13,369.999999999998,189.400993028579,1
69.9374843710928,9.20528621971997,2.86215495748365e-13,369.999999999998,189.585144791393,1
69.9574893723431,9.20517874223512,2.86215495748365e-13,369.999999999998,189.769294404109,1
69.9774943735934,9.20507344994871,2.86215495748365e-13,369.999999999998,189.953441910444,1
69.9974993748437,9.20497029843187,2.86215495748365e-13,369.999999999998,190.137587353223,1
70.017504376094,9.20486924415903,2.86215495748365e-13,369.999999999998,190.321730774403,1
70.0375093773443,9.20477024448957,2.86215495748365e-13,369.999999999998,190.505872215085,1
70.0575143785946,9.20467325764984,2.86215495748365e-13,369.999999999998,190.690011715536,1
70.077519379845,9.20457824271551,2.86215495748365e-13,369.999999999998,190.874149315206,1
70.0975243810953,9.20448515959434,2.86215495748365e-13,369.999999999998,191.058285052738,1
70.1175293823456,9.20439396900921,2.86215495748365e-13,369.999999999998,191.242418965996,1
70.1375343835959,9.20430463248158,2.86215495748365e-13,369.999999999998,191.426551092067,1
70.1575393848462,9.20421711231526,2.86215495748365e-13,369.999999999998,191.61068146729,1
70.1775443860965,9.20413137158049,2.86215495748365e-13,369.999999999998,191.794810127262,1
70.1975493873468,9.20404737409834,2.86215495748365e-13,369.999999999998,191.978937106856,1
70.2175543885972,9.20396508442547,2.86215495748365e-13,369.999999999998,192.163062440238,1
70.2375593898475,9.20388446783918,2.86215495748365e-13,369.999999999998,192.347186160878,1
70.2575643910978,9.20380549032274,2.86215495748365e-13,369.999999999998,192.531308301565,1
70.2775693923481,9.20372811855101,2.86215495748365e-13,369.999999999998,192.715428894423,1
70.2975743935984,9.20365231987646,2.86215495748365e-13,369.999999999998,192.899547970922,1
70.3175793948487,9.2035780623153,2.86215495748365e-13,369.999999999998,193.083665561892,1
70.337584396099,9.20350531453405,2.86215495748365e-13,369.999999999998,193.267781697535,1
70.3575893973493,9.20343404583629,2.86215495748365e-13,369.999999999998,193.451896407442,1
70.3775943985997,9.20336422614971,2.86215495748365e-13,369.999999999998,193.6360097206,1
70.39759939985,9.20329582601342,2.86215495748365e-13,369.999999999998,193.820121665406,1
70.4176044011003,9.20322881656554,2.86215495748365e-13,369.999999999998,194.004232269682,1
70.4376094023506,9.20316316953098,2.86215495748365e-13,369.999999999998,194.188341560684,1
70.4576144036009,9.20309885720955,2.86215495748365e-13,369.999999999998,194.372449565112,1
70.4776194048512,9.20303585246424,2.86215495748365e-13,369.999999999998,194.556556309124,1
70.4976244061015,9.20297412870979,2.86215495748365e-13,369.999999999998,194.740661818346,1
70.5176294073518,9.20291365990148,2.86215495748365e-13,369.999999999998,194.924766117885,1
70.5376344086021,9.20285442052409,2.86215495748365e-13,369.999999999998,195.108869232335,1
70.5576394098525,9.2027963855812,2.86215495748365e-13,369.999999999998,195.29297118579,1
70.5776444111028,9.2027395305846,2.86215495748365e-13,369.999999999998,195.477072001856,1
70.5976494123531,9.20268383154399,2.86215495748365e-13,369.999999999998,195.661171703657,1
70.6176544136034,9.20262926495678,2.86215495748365e-13,369.999999999998,195.845270313849,1
70.6376594148537,9.20257580779828,2.86215495748365e-13,369.999999999998,196.029367854626,1
70.657664416104,9.20252343751193,2.86215495748365e-13,369.999999999998,196.21346434773,1
70.6776694173543,9.20247213199975,2.86215495748365e-13,369.999999999998,196.397559814462,1
70.6976744186046,9.20242186961308,2.86215495748365e-13,369.999999999998,196.581654275691,1
70.717679419855,9.2023726291434,2.86215495748365e-13,369.999999999998,196.76574775186,1
70.7376844211053,9.20232438981341,2.86215495748365e-13,369.999999999998,196.949840262997,1
70.7576894223556,9.20227713126825,2.86215495748365e-13,369.999999999998,197.133931828722,1
70.7776944236059,9.20223083356689,2.86215495748365e-13,369.999999999998,197.318022468258,1
70.7976994248562,9.20218547717375,2.86215495748365e-13,369.999999999998,197.502112200435,1
70.8177044261065,9.20214104295045,2.86215495748365e-13,369.999999999998,197.686201043701,1
70.8377094273568,9.2020975121477,2.86215495748365e-13,369.999999999998,197.870289016129,1
70.8577144286072,9.20205486639745,2.86215495748365e-13,369.999999999998,198.054376135425,1
70.8777194298575,9.20201308770507,2.86215495748365e-13,369.999999999998,198.238462418935,1
70.8977244311078,9.20197215844183,2.86215495748365e-13,369.999999999998,198.42254788365,1
70.9177294323581,9.20193206133739,2.86215495748365e-13,369.999999999998,198.60663254622,1
70.9377344336084,9.20189277947256,2.86215495748365e-13,369.999999999998,198.790716422952,1
70.9577394348587,9.20185429627215,2.86215495748365e-13,369.999999999998,198.974799529825,1
70.977744436109,9.20181659549796,2.86215495748365e-13,369.999999999998,199.15888188249,1
70.9977494373593,9.20177966124195,2.86215495748365e-13,369.999999999998,199.342963496282,1
71.0177544386097,9.20174347791952,-0.0074295463223638,369.99931635649,199.527042479029,1
71.03775943986,9.20170803026294,-0.0154209731299613,369.997213390804,199.711109547311,1
71.0577644411103,9.20167330331487,-0.0230141982033829,369.993676197444,199.895154054357,1
71.0777694423606,9.2016392824221,-0.0302405131502649,369.98877539559,200.079166713936,1
71.0977744436109,9.20160595322934,-0.0371287923753567,369.982576108478,200.263139621701,1
71.1177794448612,9.20157330167318,-0.0437056950446995,369.975138375045,200.447066043205,1
71.1377844461115,9.20154131397613,-0.0499958464178194,369.96651753018,200.630940232611,1
71.1577894473618,9.20150997664082,-0.0560220013475626,369.95676455624,200.814757277643,1
71.1777944486121,9.2014792764443,-0.0618051922630226,369.945926408181,200.998512966991,1
71.1977994498625,9.20144920043249,-0.0673648635639493,369.934046314457,201.182203676926,1
71.2178044511128,9.20141973591467,-0.0727189940434526,369.921164055608,201.365826274381,1
71.2378094523631,9.20139087045813,-0.0778842087041114,369.907316222285,201.549378034151,1
71.2578144536134,9.20136259188297,-0.0828758811274258,369.892536454298,201.732856568192,1
71.2778194548637,9.20133488825691,-0.0877082273892142,369.876855662145,201.916259765316,1
71.297824456114,9.20130774789027,-0.0923943923755931,369.860302232342,202.099585739793,1
71.3178294573643,9.20128115933106,-0.0969465292402886,369.842902217771,202.282832787603,1
71.3378344586147,9.20125511136011,-0.10137587264918,369.824679514147,202.465999349263,1
71.357839459865,9.20122959298637,-0.105692806378608,369.805656023655,202.649083978283,1
71.3778444611153,9.20120459344224,-0.109906925767265,369.785851806674,202.83208531447,1
71.3978494623656,9.20118010217905,-0.114027095464876,369.765285222463,203.015002061372,1
71.4178544636159,9.20115610886261,-0.118061502872729,369.74397305963,203.197832967298,1
71.4378594648662,9.20113260336885,-0.122017707629716,369.721930657098,203.380576809385,1
71.4578644661165,9.2011095757795,-0.125902687462087,369.699172016266,203.563232380284,1
71.4778694673668,9.201087016378,-0.129722880683996,369.675709905009,203.745798477092,1
71.4978744686172,9.20106491564529,-0.133484225609081,369.651555954082,203.92827389221,1
71.5178794698675,9.2010432642559,-0.137192197109591,369.626720746487,204.110657405829,1
71.5378844711178,9.20102205307392,-0.140851840538678,369.60121390031,204.29294777984,1
71.5578894723681,9.20100127314921,-0.144467803212916,369.575044145477,204.475143752928,1
71.5778944736184,9.2009809157136,-0.148044363635596,369.548219394888,204.657244036693,1
71.5978994748687,9.20096097217719,-0.151585458626566,369.520746810305,204.83924731264,1
71.617904476119,9.20094143412473,-0.155094708511061,369.492632863391,205.021152229913,1
71.6379094773693,9.20092229331206,-0.158575440507916,369.463883392231,205.202957403644,1
71.6579144786197,9.20090354166263,-0.162030710446758,369.434503653667,205.38466141384,1
71.67791947987,9.20088517126414,-0.165463322933826,369.404498371735,205.566262804716,1
71.6979244811203,9.2008671743651,-0.168875850077036,369.373871782493,205.747760084395,1
71.7179294823706,9.20084954337167,-0.172270648872713,369.342627675499,205.92915172493,1
71.7379344836209,9.20083227084438,-0.175649877348839,369.310769432166,206.110436162578,1
71.7579394848712,9.20081534949504,-0.179015509552758,369.27830006123,206.291611798295,1
71.7779444861215,9.20079877218362,-0.182369349464884,369.245222231531,206.472676998407,1
71.7979494873718,9.20078253191525,-0.18571304391407,369.211538302309,206.653630095412,1
71.8179544886221,9.20076662183731,-0.189048094564969,369.177250351176,206.834469388914,1
71.8379594898725,9.20077258662446,-0.192375876833778,369.142360117405,207.015193569682,1
71.8579644911228,9.20082443770452,-0.195697650290285,369.106869009337,207.195801767902,1
71.8779694923731,9.20094532410339,-0.19901456801451,369.070778122134,207.376293535822,1
71.8979744936234,9.20113500184955,-0.202327677288243,369.034088344848,207.556668389028,1
71.9179794948737,9.20138931396552,-0.205637927349234,368.996800395099,207.736925730748,1
71.937984496124,9.20170406356471,-0.208946177113902,368.958914837744,207.917064852388,1
71.9579894973743,9.20207522031792,-0.212253202261793,368.920432101325,208.09708493813,1
71.9779944986247,9.20249892276573,-0.21555970179703,368.881352493164,208.276985069569,1
71.997999499875,9.20297147276059,-0.21886630412895,368.841676213262,208.456764230234,1
72.0180045011253,9.20348932982015,-0.222173572706689,368.801403367068,208.636421309971,1
72.0380095023756,9.20404910564746,-0.225482011239637,368.760533977213,208.815955109208,1
72.0580145036259,9.2046475588209,-0.228792068533489,368.719067994287,208.995364343084,1
72.0780195048762,9.20528158964918,-0.232104142969299,368.677005306725,209.17464764545,1
72.0980245061265,9.20594823518665,-0.235418586651179,368.634345749866,209.353803572743,1
72.1180295073768,9.2066446644043,-0.238735709246243,368.591089114259,209.532830607737,1
72.1380345086272,9.2073681735119,-0.242055781538801,368.547235153257,209.711727163162,1
72.1580395098775,9.20811618142687,-0.245379038719256,368.502783589959,209.890491585205,1
72.1780445111278,9.20888622538578,-0.248705683426633,368.457734123555,210.069122156891,1
72.1980495123781,9.20967595669412,-0.252035888562368,368.412086435102,210.247617101343,1
72.2180545136284,9.21048313661046,-0.2553697998917,368.365840192796,210.425974584923,1
72.2380595148787,9.211305632361,-0.2587075384479,368.318995056756,210.604192720268,1
72.258064516129,9.21214141328073,-0.262049202753447,368.271550683375,210.78226956921,1
72.2780695173794,9.21298854707753,-0.265394870871281,368.223506729258,210.960203145583,1
72.2980745186297,9.21384519621547,-0.268744602298349,368.174862854788,211.137991417938,1
72.31807951988,9.21470961441403,-0.272098439712781,368.12561872734,211.315632312142,1
72.3380845211303,9.2155801432596,-0.275456410585248,368.075774024179,211.493123713883,1
72.3580895223806,9.21645520892607,-0.278818528664296,368.02532843506,211.670463471083,1
72.3780945236309,9.21733331900132,-0.282184795344796,367.974281664553,211.847649396207,1
72.3980995248812,9.21821305941641,-0.285555200927966,367.922633434125,212.024679268486,1
72.4181045261315,9.21909309147438,-0.288929725780852,367.87038348398,212.201550836056,1
72.4381095273818,9.2199721489759,-0.292308341402598,367.817531574692,212.378261818002,1
72.4581145286322,9.22084903543864,-0.295691011404304,367.764077488646,212.554809906323,1
72.4781195298825,9.22172262140778,-0.299077692408844,367.710021031287,212.731192767822,1
72.4981245311328,9.22259184185476,-0.302468334876467,367.655362032218,212.907408045908,1
72.5181295323831,9.22345569366187,-0.305862883861737,367.600100346139,213.083453362329,1
72.5381345336334,9.22431323318976,-0.309261279706823,367.544235853645,213.259326318832,1
72.5581395348837,9.22516357392581,-0.312663458675936,367.487768461901,213.435024498755,1
72.578144536134,9.2260058842105,-0.316069353535251,367.430698105201,213.610545468539,1
72.5981495373843,9.22683938503978,-0.319478894082446,367.373024745417,213.785886779193,1
72.6181545386347,9.22766334794092,-0.32289200762964,367.314748372357,213.961045967678,1
72.638159539885,9.22847709291976,-0.326308619443239,367.255869004025,214.136020558244,1
72.6581645411353,9.22927998647703,-0.329728653144003,367.196386686813,214.310808063696,1
72.6781695423856,9.23007143969193,-0.333152031070351,367.136301495607,214.485405986613,1
72.6981745436359,9.23085090637056,-0.336578674607749,367.07561353384,214.659811820509,1
72.7181795448862,9.23161788125749,-0.340008504486773,367.014322933472,214.834023050936,1
72.7381845461365,9.23237189830846,-0.343441441052347,366.952429854929,215.008037156544,1
72.7581895473868,9.23311252902234,-0.346877404506353,366.889934486981,215.181851610087,1
72.7781945486372,9.23383938083049,-0.35031631512576,366.826837046584,215.355463879386,1
72.7981995498875,9.23455209554183,-0.353758093458182,366.763137778685,215.52887142824,1
72.8182045511378,9.23525034784184,-0.357202660496703,366.69883695598,215.702071717301,1
72.8382095523881,9.23593384384385,-0.360649937835643,366.633934878659,215.875062204902,1
72.8582145536384,9.23660231969106,-0.364099847808777,366.568431874103,216.047840347847,1
72.8782195548887,9.2372555402076,-0.367552313611511,366.502328296578,216.220403602158,1
72.898224556139,9.23789329759714,-0.371007259408294,366.435624526891,216.392749423795,1
72.9182295573894,9.23851541018767,-0.374464610426533,366.368320972034,216.564875269323,1
72.9382345586397,9.2391217212209,-0.377924293038141,366.300418064819,216.736778596565,1
72.95823955989,9.23971209768487,-0.381386234829782,366.231916263485,216.908456865205,1
72.9782445611403,9.2402864291885,-0.384850364662796,366.162816051307,217.079907537369,1
72.9982495623906,9.24084462687674,-0.388316612723694,366.093117936191,217.25112807817,1
73.0182545636409,9.24138662238492,-0.391784910566085,366.022822450257,217.422115956229,1
73.0382595648912,9.24191236683128,-0.395255191144783,365.951930149425,217.592868644162,1
73.0582645661415,9.24242182984625,-0.398727388842842,365.880441612989,217.763383619047,1
73.0782695673918,9.24291499863743,-0.402201439492128,365.808357443193,217.933658362859,1
73.0982745686422,9.24339187708915,-0.405677280388102,365.7356782648,218.103690362883,1
73.1182795698925,9.24385248489543,-0.409154850299321,365.66240472467,218.273477112103,1
73.1382845711428,9.24429685672527,-0.412634089472186,365.588537491324,218.44301610957,1
73.1582895723931,9.24472504141932,-0.416114939631458,365.514077254525,218.612304860745,1
73.1782945736434,9.24513710121688,-0.419597343976903,365.439024724846,218.781340877824,1
73.1982995748937,9.24553311101214,-0.423081247176553,365.363380633256,218.950121680043,1
73.218304576144,9.24591315763889,-0.426566595356876,365.287145730696,219.118644793958,1
73.2383095773943,9.24627733918267,-0.430053336090257,365.210320787666,219.286907753719,1
73.2583145786447,9.24662576431947,-0.433541418380074,365.132906593819,219.454908101314,1
73.278319579895,9.24695855168012,-0.437030792643663,365.054903957553,219.622643386804,1
73.2983245811453,9.24727582923958,-0.44052141069342,364.976313705613,219.790111168539,1
73.3183295823956,9.24757773373021,-0.444013225716314,364.8971366827,219.95730901336,1
73.3383345836459,9.24786441007833,-0.447506192251992,364.817373751082,220.124234496786,1
73.3583395848962,9.24813601086323,-0.451000266169704,364.737025790215,220.290885203187,1
73.3783445861465,9.24839269579791,-0.454495404644227,364.656093696369,220.457258725944,1
73.3983495873969,9.2486346312308,-0.457991566130942,364.574578382261,220.623352667597,1
73.4183545886472,9.24886198966785,-0.461488710340227,364.492480776695,220.78916463998,1
73.4383595898975,9.24907494931417,-0.464986798211297,364.409801824212,220.954692264344,1
73.4583645911478,9.24927369363465,-0.468485791885632,364.32654248474,221.119933171471,1
73.4783695923981,9.24945841093293,-0.47198565468009,364.242703733263,221.284885001777,1
73.4983745936484,9.249629293948,-0.475486351059797,364.158286559481,221.449545405404,1
73.5183795948987,9.24978653946799,-0.478987846610944,364.073291967495,221.613912042303,1
73.538384596149,9.24993034796037,-0.482490108013538,363.987720975489,221.777982582307,1
73.5583895973994,9.25006092321817,-0.485993103014197,363.90157461542,221.941754705201,1
73.5783945986497,9.25017847202158,-0.489496800399057,363.814853932715,222.105226100776,1
73.5983995999,9.25028320381436,-0.493001169966837,363.727559985987,222.268394468878,1
73.6184046011503,9.2503753303947,-0.49650618250214,363.639693846735,222.431257519456,1
73.6384096024006,9.25045506561983,-0.500011809749001,363.551256599076,222.593812972592,1
73.6584146036509,9.25052262512408,-0.503518024384757,363.462249339471,222.756058558535,1
73.6784196049012,9.25057822604975,-0.507024799994259,363.372673176453,222.917992017719,1
73.6984246061515,9.2506220867905,-0.510532111044468,363.28252923038,223.079611100785,1
73.7184296074018,9.25065442674669,-0.514039932859421,363.191818633177,223.24091356859,1
73.7384346086522,9.25067546609229,-0.517548241595659,363.100542528093,223.401897192215,1
73.7584396099025,9.25068542555304,-0.521057014218089,363.008702069467,223.562559752964,1
73.7784446111528,9.2506845261952,-0.524566228476294,362.916298422495,223.722899042362,1
73.7984496124031,9.25067298922485,-0.528075862881335,362.823332763004,223.882912862149,1
73.8184546136534,9.25065103579703,-0.531585896683033,362.72980627724,224.042599024266,1
73.8384596149037,9.25061888683467,-0.535096309847744,362.63572016165,224.201955350841,1
73.858464616154,9.25057676285662,-0.538607083036628,362.54107562268,224.360979674167,1
73.8784696174043,9.2505248838148,-0.542118197584432,362.445873876579,224.519669836683,1
73.8984746186547,9.25046346893979,-0.545629635478773,362.350116149197,224.678023690944,1
73.918479619905,9.25039273659483,-0.549141379339943,362.253803675807,224.836039099596,1
73.9384846211553,9.25031290413774,-0.55265341240119,362.156937700914,224.993713935342,1
73.9584896224056,9.25022418779052,-0.556165718489537,362.059519478088,225.151046080907,1
73.9784946236559,9.25012680251634,-0.559678282007081,361.961550269786,225.308033429003,1
73.9984996249062,9.25002096190364,-0.5631910879128,361.863031347187,225.464673882289,1
74.0185046261565,9.24990687805709,-0.566704121704845,361.763963990034,225.620965353329,1
74.0385096274069,9.24978476149506,-0.570217369403325,361.664349486479,225.776905764552,0
74.0585146286572,9.24965482105345,-0.573730817533571,361.564189132927,225.932493048202,0
74.0785196299075,9.2495172637956,-0.577244453109869,361.463484233896,226.087725146299,0
74.0985246311578,9.249372294928,-0.580758263619656,361.362236101874,226.242600010581,0
74.1185296324081,9.24922011772162,-0.584272237008193,361.260446057179,226.397115602465,0
74.1385346336584,9.24906093343861,-0.587786361663657,361.158115427833,226.551269892989,0
74.1585396349087,9.24889494126418,-0.591300626402693,361.055245549426,226.705060862764,0
74.178544636159,9.24872233824343,-0.594815020456391,360.951837765001,226.85848650192,0
74.1985496374094,9.24854331922293,-0.598329533456692,360.847893424926,227.011544810054,0
74.2185546386597,9.24835807679684,-0.601844155423193,360.743413886785,227.164233796171,0
74.23855963991,9.24816680125746,-0.605358876750364,360.638400515262,227.316551478638,0
74.2585646411603,9.24796968054992,-0.608873688195159,360.532854682033,227.468495885117,0
74.2785696424106,9.24776690023088,-0.612388580865012,360.426777765663,227.620065052519,0
74.2985746436609,9.24755864343112,-0.615903546206193,360.320171151505,227.771257026942,0
74.3185796449112,9.24734509082178,-0.619418575992549,360.213036231601,227.922069863615,0
74.3385846461615,9.24712642058411,-0.622933662314591,360.105374404589,228.072501626842,0
74.3585896474118,9.24690280838266,-0.626448797568919,359.99718707561,228.222550389943,0
74.3785946486622,9.24667442734154,-0.629963974447999,359.888475656222,228.372214235201,0
74.3985996499125,9.24644144802398,-0.633479185930241,359.779241564315,228.521491253797,0
74.4186046511628,9.24620403841464,-0.636994425270447,359.669486224029,228.670379545761,0
74.4386096524131,9.24596236390481,-0.640509685990491,359.559211065672,228.818877219909,0
74.4586146536634,9.24571658728027,-0.644024961870366,359.448417525649,228.966982393787,0
74.4786196549137,9.24546686871177,-0.647540246939494,359.337107046384,229.114693193617,0
74.498624656164,9.24521336574784,-0.65105553546831,359.22528107625,229.262007754237,0
74.5186296574144,9.24495623331002,-0.654570821960137,359.112941069503,229.408924219044,0
74.5386346586647,9.24469562369021,-0.65808610114332,359.000088486211,229.555440739943,0
74.558639659915,9.24443168655025,-0.661601367963619,358.886724792196,229.701555477285,0
74.5786446611653,9.24416456892333,-0.665116617576843,358.772851458966,229.847266599817,0
74.5986496624156,9.2438944152175,-0.668631845341737,358.658469963662,229.992572284623,0
74.6186546636659,9.24362136722078,-0.672147046813099,358.543581788998,230.137470717074,0
74.6386596649162,9.24334556410819,-0.675662217735122,358.428188423206,230.281960090769,0
74.6586646661665,9.24306714245019,-0.679177354034956,358.312291359981,230.426038607487,0
74.6786696674169,9.24278623622285,-0.682692451816486,358.195892098434,230.569704477131,0
74.6986746686672,9.24250297681937,-0.686207507354316,358.078992143041,230.712955917678,0
74.7186796699175,9.24221749306297,-0.68972251708794,357.961593003593,230.855791155125,0
74.7386846711678,9.24192991122114,-0.693237477616122,357.843696195153,230.998208423442,0
74.7586896724181,9.24164035502109,-0.696752385691455,357.725303238013,231.140205964517,0
74.7786946736684,9.24134894566629,-0.700267238215106,357.606415657647,231.281782028113,0
74.7986996749187,9.24105580185421,-0.703782032231719,357.487034984674,231.422934871814,0
74.818704676169,9.24076103979501,-0.707296764924503,357.367162754818,231.563662760979,0
74.8387096774194,9.24046477323119,-0.71081143361048,357.246800508867,231.703963968696,0
74.8587146786697,9.24016711345815,-0.714326035735886,357.125949792643,231.843836775734,0
74.87871967992,9.23986816934558,-0.717840568871728,357.004612156957,231.983279470498,0
74.8987246811703,9.23956804735965,-0.721355030709485,356.882789157585,232.122290348985,0
74.9187296824206,9.23926685158592,-0.724869419056966,356.760482355229,232.260867714738,0
74.9387346836709,9.23896468375291,-0.728383731834269,356.637693315487,232.399009878805,0
74.9587396849212,9.2386616432563,-0.731897967069915,356.514423608823,232.536715159696,0
74.9787446861715,9.23835782718374,-0.735412122897095,356.390674810539,232.673981883341,0
74.9987496874218,9.23805333034015,-0.738926197550026,356.266448500742,232.810808383049,0
75.0187546886722,9.23774824527359,-0.742440189360451,356.141746264324,232.94719299947,0
75.0387596899225,9.23744266230141,-0.745954096754231,356.01656969093,233.083134080554,0
75.0587646911728,9.23713666953704,-0.749467918248083,355.890920374934,233.218629981512,0
75.0787696924231,9.23683035291693,-0.752981652446384,355.764799915417,233.353679064784,0
75.0987746936734,9.23652379622799,-0.756495298038112,355.638209916141,233.488279699994,0
75.1187796949237,9.23621708113519,-0.760008853793877,355.511151985526,233.622430263923,0
75.138784696174,9.23591028720955,-0.763522318563046,355.38362773663,233.756129140469,0
75.1587896974244,9.23560349195625,-0.767035691270965,355.255638787127,233.889374720612,0
75.1787946986747,9.23529677084299,-0.770548970916276,355.127186759287,234.022165402387,0
75.198799699925,9.23499019732857,-0.774062156568322,354.998273279953,234.154499590846,0
75.2188047011753,9.23468384289148,-0.777575247364629,354.868899980529,234.286375698028,0
75.2388097024256,9.23437777705875,-0.78108824250848,354.739068496953,234.417792142931,0
75.2588147036759,9.23407206743477,-0.78460114126655,354.608780469685,234.548747351478,0
75.2788197049262,9.23376677973025,-0.78811394296666,354.478037543689,234.679239756493,0
75.2988247061765,9.23346197779121,-0.79162664699555,354.346841368413,234.809267797667,0
75.3188297074269,9.23315772362793,-0.79513925279676,354.215193597776,234.938829921537,0
75.3388347086772,9.23285407744399,-0.798651759868582,354.083095890152,235.067924581454,0
75.3588397099275,9.2325510976652,-0.80216416776205,353.950549908352,235.196550237563,0
75.3788447111778,9.23224884096855,-0.80567647607902,353.817557319613,235.324705356773,0
75.3988497124281,9.23194736231105,-0.809188684470308,353.684119795581,235.452388412735,0
75.4188547136784,9.23164671495855,-0.812700792633889,353.550239012295,235.579597885819,0
75.4388597149287,9.23134695051441,-0.816212800313139,353.415916650178,235.706332263092,0
75.4588647161791,9.23104811894807,-0.819724707295145,353.281154394023,235.832590038297,0
75.4788697174294,9.23075026862356,-0.823236513409094,353.145953932975,235.958369711827,0
75.4988747186797,9.23045344632775,-0.826748218524664,353.010316960524,236.083669790712,0
75.51887971993,9.23015769729856,-0.830259822550504,352.874245174489,236.208488788595,0
75.5388847211803,9.22986306525296,-0.833771325432751,352.737740277008,236.332825225715,0
75.5588897224306,9.22956959241479,-0.837282727153601,352.600803974524,236.456677628888,0
75.5788947236809,9.22927731954239,-0.840794027729913,352.463437977776,236.580044531492,0
75.5988997249312,9.22898628595606,-0.844305227211867,352.325644001786,236.702924473446,0
75.6189047261815,9.22869652956528,-0.847816325681674,352.187423765845,236.825316001201,0
75.6389097274319,9.22840808689574,-0.851327323252305,352.048778993509,236.947217667718,0
75.6589147286822,9.22812099311612,-0.854838220066283,351.909711412581,237.06862803246,0
75.6789197299325,9.22783528206468,-0.858349016294488,351.770222755102,237.189545661371,0
75.6989247311828,9.22755098627552,-0.861859712135042,351.630314757345,237.30996912687,0
75.7189297324331,9.22726813700473,-0.865370307812181,351.489989159798,237.429897007836,0
75.7389347336834,9.22698676425613,-0.868880803575198,351.349247707157,237.549327889595,0
75.7589397349337,9.22670689680689,-0.872391199697403,351.208092148315,237.668260363909,0
75.778944736184,9.2264285622328,-0.875901496475128,351.066524236354,237.786693028969,0
75.7989497374344,9.22615178693327,-0.879411694226749,350.924545728529,237.904624489381,0
75.8189547386847,9.22587659615615,-0.882921793291748,350.782158386266,238.022053356158,0
75.838959739935,9.22560301402208,-0.886431794029817,350.639363975144,238.138978246713,0
75.8589647411853,9.2253310635488,-0.889941696819959,350.496164264892,238.25539778485,0
75.8789697424356,9.22506076667496,-0.893451502059656,350.352561029372,238.371310600756,0
75.8989747436859,9.2247921442838,-0.896961210164023,350.208556046577,238.486715330995,0
75.9189797449362,9.22452521622638,-0.900470821565039,350.064151098613,238.6016106185,0
75.9389847461865,9.2242600013447,-0.90398033671075,349.919347971696,238.715995112571,0
75.9589897474369,9.22399651749433,-0.907489756064528,349.774148456136,238.829867468865,0
75.9789947486872,9.22373478156693,-0.910999080104359,349.628554346334,238.943226349396,0
75.9989997499375,9.22347480951229,-0.91450830932213,349.482567440764,239.056070422526,0
76.0190047511878,9.22321661636023,-0.918017444222955,349.336189541969,239.168398362967,0
76.0390097524381,9.22296021624204,-0.921526485324521,349.189422456549,239.280208851771,0
76.0590147536884,9.22270562241179,-0.925035433156457,349.042267995151,239.391500576335,0
76.0790197549387,9.22245284726717,-0.928544288259712,348.894727972458,239.502272230394,0
76.0990247561891,9.22220190237015,-0.932053051185958,348.746804207179,239.612522514018,0
76.1190297574394,9.22195279846724,-0.935561722497038,348.598498522041,239.722250133616,0
76.1390347586897,9.22170554550953,-0.939070302764377,348.449812743775,239.831453801931,0
76.15903975994,9.22146015267239,-0.942578792568469,348.300748703108,239.940132238041,0
76.1790447611903,9.22121662837484,-0.94608719249834,348.151308234752,240.04828416736,0
76.1990497624406,9.22097498029865,-0.94959550315106,348.001493177393,240.155908321637,0
76.2190547636909,9.22073521540714,-0.95310372513124,347.851305373681,240.263003438957,0
76.2390597649412,9.22049733996369,-0.956611859050569,347.700746670218,240.369568263744,0
76.2590647661915,9.22026135954987,-0.960119905527354,347.549818917548,240.475601546762,0
76.2790697674419,9.2200272790834,-0.963627865186094,347.398523970146,240.581102045116,0
76.2990747686922,9.21979510283572,-0.967135738657028,347.246863686405,240.686068522255,0
76.3190797699425,9.21956483444927,-0.970643526575734,347.094839928629,240.790499747976,0
76.3390847711928,9.21933647695455,-0.974151229582748,346.942454563017,240.894394498425,0
76.3590897724431,9.2191100327868,-0.977658848323149,346.789709459653,240.997751556106,0
76.3790947736934,9.2188855038024,-0.981166383446209,346.636606492497,241.100569709875,0
76.3990997749437,9.21866289129509,-0.984673835605018,346.483147539368,241.202847754956,0
76.419104776194,9.21844219601176,-0.988181205456153,346.329334481938,241.304584492935,0
76.4391097774444,9.21822341816803,-0.991688493659327,346.175169205715,241.405778731773,0
76.4591147786947,9.21800655746359,-0.995195700877065,346.020653600034,241.506429285807,0
76.479119779945,9.21779161309714,-0.998702827774409,345.865789558042,241.606534975755,0
76.4991247811953,9.21757858378115,-1.00220987501859,345.71057897669,241.706094628726,0
76.5191297824456,9.21736746775638,-1.00571684327875,345.555023756714,241.805107078219,0
76.5391347836959,9.21715826280598,-1.00922373322566,345.399125802628,241.903571164138,0
76.5591397849462,9.21695096626948,-1.01273054553145,345.242887022708,242.001485732791,0
76.5791447861966,9.21674557505644,-1.01623728086932,345.08630932898,242.098849636903,0
76.5991497874469,9.21654208565979,-1.01974393991332,344.929394637207,242.195661735617,0
76.6191547886972,9.21634049416905,-1.02325052333812,344.772144866872,242.291920894507,0
76.6391597899475,9.21614079628314,-1.0267570318187,344.614561941173,242.387625985582,0
76.6591647911978,9.21594298732303,-1.0302634660302,344.456647786999,242.482775887295,0
76.6791697924481,9.21574706224412,-1.03376982664765,344.298404334924,242.577369484551,0
76.6991747936984,9.21555301564836,-1.03727611434581,344.139833519188,242.671405668716,0
76.7191797949487,9.2153608417961,-1.0407823297989,343.980937277687,242.764883337625,0
76.7391847961991,9.21517053461777,-1.04428847368046,343.821717551955,242.857801395587,0
76.7591897974494,9.21498208772524,-1.04779454666313,343.662176287151,242.950158753402,0
76.7791947986997,9.21479549442302,-1.05130054941851,343.502315432046,243.041954328363,0
76.79919979995,9.21461074771911,-1.0548064826169,343.342136939005,243.133187044267,0
76.8192048012003,9.21442784033581,-1.05831234692723,343.181642763975,243.223855831426,0
76.8392098024506,9.21424676472007,-1.06181814301685,343.020834866466,243.313959626674,0
76.8592148037009,9.21522216234701,-1.0653243107575,342.859695002889,243.403508552702,0
76.8792198049512,9.21740178253216,-1.06883130829893,342.698203935865,243.492512920355,0
76.8992248062015,9.22076248378024,-1.07233958498988,342.536342677549,243.580982528926,0
76.9192298074519,9.22410156819388,-1.07584913269522,342.374113257601,243.668915468927,0
76.9392348087022,9.22734758971017,-1.07935991598596,342.21151898032,243.756309160469,0
76.9592398099525,9.23052457167829,-1.08287190856984,342.048562745965,243.843161276268,0
76.9792448112028,9.23365891059634,-1.08638509419863,341.88524700446,243.929469756685,0
76.9992498124531,9.23677605018473,-1.08989946630571,341.721573767823,244.015232792825,0
77.0192548137034,9.23990041528388,-1.09341502761844,341.557544624055,244.100448809325,0
77.0392598149537,9.24305544036578,-1.09693178978128,341.393160750783,244.185116447734,0
77.059264816204,9.24626359973557,-1.10044977299048,341.228422928643,244.269234550492,0
77.0792698174544,9.24954643697337,-1.1039690056399,341.063331554387,244.352802145479,0
77.0992748187047,9.25292459357574,-1.1074895239778,340.897886653728,244.435818431141,0
77.119279819955,9.25641783681536,-1.1110113717742,340.732087893922,244.518282762149,0
77.1392848212053,9.26004508683908,-1.11453459999849,340.565934596092,244.600194635596,0
77.1592898224556,9.26382444302375,-1.11805926650717,340.3994257473,244.681553677706,0
77.1792948237059,9.26777320960897,-1.12158543574128,340.232560012373,244.762359631034,0
77.1992998249562,9.27190792062507,-1.12511317843334,340.065335745468,244.842612342156,0
77.2193048262066,9.27624436413464,-1.12864257132349,339.897751001418,244.922311749825,0
77.2393098274569,9.28079760580516,-1.1321736968846,339.729803546816,245.001457873574,0
77.2593148287072,9.28558201182987,-1.13570664305615,339.56149087088,245.080050802761,0
77.2793198299575,9.29061127121387,-1.13924150298654,339.392810196079,245.158090686042,0
77.2993248312078,9.29589841744153,-1.14277837478362,339.223758488535,245.235577721244,0
77.3193298324581,9.30145584954149,-1.14631736127335,339.054332468195,245.312512145647,0
77.3393348337084,9.30729535256457,-1.14985856976609,338.884528618789,245.388894226641,0
77.3593398349587,9.31342811748994,-1.15340211183062,338.714343197569,245.464724252761,0
77.3793448362091,9.31986476057429,-1.1569481030754,338.543772244835,245.540002525079,0
77.3993498374594,9.32661534215846,-1.16049666293709,338.372811593244,245.61472934894,0
77.4193548387097,9.33368938494567,-1.16404791447593,338.201456876926,245.688905026045,0
77.43935983996,9.34109589176495,-1.16760198417793,338.029703540386,245.762529846842,0
77.4593648412103,9.34884336283336,-1.17115900176365,337.857546847215,245.83560408325,0
77.4793698424606,9.35693964964578,-1.17471909994134,337.684981891601,245.908127980413,0
77.4993748437109,9.36539166373598,-1.17828241404933,337.51200361537,245.98010174647,0
77.5193798449612,9.3742053922315,-1.18184908170432,337.338606824913,246.051525542782,0
77.5393848462115,9.38338594147527,-1.18541924246621,337.164786207481,246.122399474844,0
77.5593898474619,9.39293758041554,-1.18899303751952,336.99053634684,246.19272358384,0
77.5793948487122,9.4028637824383,-1.19257060937063,336.815851738297,246.262497838831,0
77.5993998499625,9.41316726564255,-1.19615210156042,336.640726803122,246.331722129535,0
77.6194048512128,9.42385003160727,-1.19973765839164,336.46515590238,246.400396259686,0
77.6394098524631,9.43491340269857,-1.20332742467048,336.289133350191,246.468519940924,0
77.6594148537134,9.44635805796461,-1.20692154546175,336.112653426431,246.536092787212,0
77.6794198549637,9.45818406766409,-1.21052016585728,335.935710388901,246.603114309748,0
77.6994248562141,9.47039092647308,-1.21412343075689,335.758298484962,246.669583912343,0
77.7194298574644,9.48297758541311,-1.21773148466152,335.580411962677,246.735500887247,0
77.7394348587147,9.49594248254291,-1.22134447147807,335.402045081448,246.800864411413,0
77.759439859965,9.50928357245421,-1.22496253433545,335.223192122183,246.865673543152,0
77.7794448612153,9.52299835461123,-1.22858581541136,335.043847396999,246.92992721919,0
77.7994498624656,9.53708390057203,-1.2322144557695,334.864005258482,246.993624252079,0
77.8194548637159,9.55153688012915,-1.23584859520671,334.683660108499,247.056763327972,0
77.8394598649662,9.56635358640527,-1.23948837210962,334.502806406612,247.119343004718,0
77.8594648662166,9.58152995993899,-1.24313392332051,334.321438678066,247.181361710281,0
77.8794698674669,9.59706161179471,-1.24678538401195,334.139551521392,247.242817741454,0
77.8994748687172,9.61294384572925,-1.25044288756981,333.95713961563,247.303709262859,0
77.9194798699675,9.62917167944735,-1.25410656548451,333.77419772718,247.364034306218,0
77.9394848712178,9.64573986497668,-1.25777654724987,333.590720716302,247.423790769875,0
77.9594898724681,9.66264290819253,-1.26145296026943,333.406703543263,247.482976418565,0
77.9794948737184,9.67987508752114,-1.26513592976997,333.222141274159,247.541588883407,0
77.9994998749687,9.69743047184983,-1.26882557872173,333.037029086415,247.599625662118,0
78.0195048762191,9.71530293767115,-1.27252202776519,332.851362273967,247.657084119427,0
78.0395098774694,9.73348618548772,-1.27622539514416,332.665136252149,247.713961487685,0
78.0595148787197,9.75197375550312,-1.27993579664473,332.478346562294,247.770254867656,0
78.07951987997,9.77075904262387,-1.28365334554002,332.290988876044,247.82596122948,0
78.0995248812203,9.78983531079649,-1.28737815254031,332.103058999401,247.881077413794,0
78.1195298824706,9.80919570670305,-1.29111032574847,331.914552876512,247.935600133014,0
78.1395348837209,9.82883327283771,-1.29484997062027,331.725466593201,247.989525972749,0
78.1595398849712,9.84874095998615,-1.29859718992948,331.535796380263,248.042851393352,0
78.1795448862215,9.86891163912933,-1.30235208373755,331.345538616522,248.095572731602,0
78.1995498874719,9.88933811279184,-1.30611474936752,331.154689831661,248.1476862025,0
78.2195548887222,9.91001312585478,-1.30988528138209,330.963246708842,248.199187901165,0
78.2395598899725,9.9309293758528,-1.31366377156559,330.771206087108,248.250073804852,0
78.2595648912228,9.95207952277347,-1.31745030890974,330.578564963591,248.300339775045,0
78.2795698924731,9.9734561983775,-1.32124497960285,330.385320495523,248.349981559652,0
78.2995748937234,9.99505201505692,-1.32504786702248,330.191470002058,248.398994795273,0
78.3195798949737,10.0168595742485,-1.32885905173125,329.997010965919,248.447375009551,0
78.3395848962241,10.038871474419,-1.33267861147572,329.801941034868,248.495117623587,0
78.3595898974744,10.0610803186369,-1.33650662118816,329.606258023015,248.542217954418,0
78.3795948987247,10.0834787217483,-1.34034315299096,329.40995991196,248.588671217562,0
78.399599899975,10.1060593171694,-1.34418827620376,329.213044851791,248.634472529604,0
78.4196049012253,10.1288147633113,-1.34804205735295,329.015511161921,248.679616910843,0
78.4396099024756,10.1517377496515,-1.35190456018343,328.817357331802,248.72409928797,0
78.4596149037259,10.1748210024639,-1.35577584567269,328.618582021482,248.767914496795,0
78.4796199049762,10.1980572902222,-1.3596559720468,328.419184062049,248.811057285005,0
78.4996249062266,10.2214388698943,-1.36354499458588,328.219162466877,248.853522312651,0
78.5196299074769,10.2449505941455,-1.36744296280757,328.018516577922,248.895304125071,0
78.5396349087272,10.2685774119753,-1.37134992050295,327.817246065677,248.936397158934,0
78.5596399099775,10.2923048172616,-1.37526590594385,327.615350920234,248.976795750061,0
78.5796449112278,10.3161188479262,-1.37919095208981,327.412831442247,249.016494141053,0
78.5996499124781,10.3400060701942,-1.38312508678913,327.209688234114,249.055486488656,0
78.6196549137284,10.3639535628505,-1.38706833297383,327.00592219136,249.09376687088,0
78.6396599149788,10.3879489019079,-1.3910207088489,326.801534494228,249.131329293877,0
78.6596649162291,10.411980145687,-1.39498222807576,326.596526599479,249.16816769858,0
78.6796699174794,10.4360358202983,-1.39895289995025,326.390900232377,249.204275967118,0
78.6996749187297,10.4601049055167,-1.40293272957528,326.184657378875,249.239647929005,0
78.71967991998,10.4841768210369,-1.40692171802813,325.977800277989,249.274277367115,0
78.7396849212303,10.5082414131012,-1.41091986252283,325.770331414346,249.308158023451,0
78.7596899224806,10.5322889414909,-1.41492715656744,325.562253510922,249.341283604705,0
78.7796949237309,10.55631006687,-1.41894359011661,325.353569521951,249.37364778763,0
78.7996999249812,10.5802958384736,-1.42296914971942,325.144282626003,249.405244224211,0
78.8197049262316,10.6042376821327,-1.42700381866262,324.934396219232,249.436066546656,0
78.8397099274819,10.6281273886252,-1.43104757710958,324.723913908782,249.466108372204,0
78.8597149287322,10.6519571023461,-1.43510040223472,324.512839506362,249.495363307765,0
78.8797199299825,10.6757193102877,-1.43916226835395,324.301177021964,249.523824954375,0
78.8997249312328,10.6994068313236,-1.4432331470509,324.088930657742,249.551486911503,0
78.9197299324831,10.723012805786,-1.44731300729925,323.876104802035,249.578342781183,0
78.9397349337334,10.7465306853313,-1.45140181558116,323.662704023535,249.604386172003,0
78.9597399349837,10.7699542230852,-1.45549953600198,323.448733065601,249.629610702928,0
78.9797449362341,10.7932774640608,-1.45960613040131,323.234196840701,249.654010006994,0
78.9997499374844,10.8164947358416,-1.46372155846053,323.019100424999,249.67757773484,0
79.0197549387347,10.8396006395244,-1.46784577780682,322.803449053068,249.700307558117,0
79.039759939985,10.8625900409129,-1.47197874411393,322.587248112733,249.722193172754,0
79.0597649412353,10.8854580619585,-1.47612041119959,322.370503140037,249.743228302096,0
79.0797699424856,10.9082000724388,-1.48027073111984,322.153219814335,249.763406699915,0
79.0997749437359,10.9308116818704,-1.48442965426021,321.935403953502,249.782722153297,0
79.1197799449862,10.9532887316475,-1.48859712942399,321.717061509259,249.801168485407,0
79.1397849462366,10.9756272874028,-1.49277310391751,321.498198562617,249.818739558148,0
79.1597899474869,10.9978236315826,-1.49695752363263,321.278821319428,249.83542927469,0
79.1797949487372,11.0198742562323,-1.50115033312652,321.058936106045,249.851231581908,0
79.1997999499875,11.0417758559863,-1.50535147569873,320.83854936509,249.8661404727,0
79.2198049512378,11.0635253212559,-1.50956089346566,320.617667651326,249.880149988208,0
79.2398099524881,11.0851197316121,-1.51505850509179,320.39628940937,249.893112568557,0
79.2598149537384,11.106556349356,-1.52011728632487,320.174417559744,249.904929291559,0
79.2798199549888,11.1278326132736,-1.52475576391634,319.952065845677,249.915690674357,0
79.2998249562391,11.1489461325694,-1.52900716910629,319.729246488842,249.925482149906,0
79.3198299574894,11.1698946809735,-1.53290215822804,319.505970323395,249.934382645531,0
79.3398349587397,11.1906761910196,-1.53646901904302,319.282247015274,249.942465057661,0
79.35983995999,11.2112887484865,-1.53973385787372,319.058085247758,249.949796692577,0
79.3798449612403,11.2317305870017,-1.54272076993634,318.833492878351,249.956439675696,0
79.3998499624906,11.252000082801,-1.5454519948672,318.608477071351,249.962451331715,0
79.4198549637409,11.2720957496405,-1.54794805911177,318.383044409741,249.967884537712,0
79.4398599649912,11.2920162338565,-1.55022790658463,318.157200989565,249.972788051158,0
79.4598649662416,11.3117603095711,-1.55230901879873,317.930952499406,249.977206814608,0
79.4798699674919,11.3313268740366,-1.554207525492,317.704304287256,249.981182238723,0
79.4998749687422,11.3507149431183,-1.55593830664058,317.477261416682,249.984752465139,0
79.5198799699925,11.3699236469093,-1.55751508663378,317.249828713935,249.98795261059,0
79.5398849712428,11.3889522254758,-1.55895052129175,317.022010807379,249.990814993591,0
79.5598899724931,11.407800024728,-1.56025627832801,316.793812160435,249.993369344883,0
79.5798949737434,11.4264664924141,-1.56144311179335,316.565237099049,249.995643002784,0
79.5998999749937,11.4449511742334,-1.56252093098154,316.336289834517,249.997661094465,0
79.6199049762441,11.4632537100659,-1.56349886422983,316.10697448242,249.999446704156,0
79.6399099774944,11.4813738303155,-1.56438531800616,315.877295078264,250.001021029165,0
79.6599149787447,11.4993113523622,-1.5651880316396,315.64725559036,250.002403524567,0
79.679919979995,11.5170661771228,-1.56591412801926,315.416859930377,250.003612037354,0
79.6999249812453,11.5346382857144,-1.56657016055985,315.186111961957,250.004662930768,0
79.7199299824956,11.5520277362205,-1.56716215670754,314.955015507689,250.00557119952,0
79.7399349837459,11.5692346605551,-1.56769565823828,314.723574354732,250.006350576516,0
79.7599399849963,11.5862592614229,-1.56817575858103,314.4917922593,250.007013631699,0
79.7799449862466,11.6031018093733,-1.56860713738109,314.2596729502,250.007571863558,0
79.7999499874969,11.619762639944,-1.56899409250232,314.027220131592,250.008035783821,0
79.8199549887472,11.6362421508948,-1.56934056965269,313.794437485103,250.008414995814,0
79.8399599899975,11.6525407995253,-1.56965018980435,313.561328671402,250.008718266949,0
79.8599649912478,11.6686591000781,-1.56992627456667,313.327897331345,250.008953595736,0
79.8799699924981,11.6845976212215,-1.57017186966002,313.094147086763,250.009128273736,0
79.8999749937484,11.7003569836126,-1.57038976662702,312.860081540951,250.009248942805,0
79.9199799949988,11.7159378575365,-1.57058252290877,312.625704278933,250.009321647973,0
79.9399849962491,11.7313409606205,-1.57075248040433,312.391018867539,250.009351886272,0
79.9599899974994,11.7465670556207,-1.57090178262351,312.156028855328,250.009344651812,0
79.9799949987497,11.76161694828,-1.57103239053541,311.9207377724,250.009304477373,0
80.0,11.7764914852537,-1.57114609720766,311.685149130119,250.009235472773,0
