Time,Speed,Rotation,Position,Translation,Label
0.0200050012503126,3.00075018754634e-05,-1.57079618671837,-530.00000060015,-119.999999999832,0
0.0400100025006252,0.120060015003751,-1.57023560045822,-530.002402400473,-119.999999325111,0
0.0600150037509377,0.240090022505626,-1.56911456801445,-530.007205397944,-119.999993936593,0
0.0800200050012503,0.360120030007502,-1.56743308938706,-530.014409575191,-119.999975757819,0
0.100025006251563,0.480150037509377,-1.56519116457605,-530.024014877864,-119.999932675196,0
0.120030007501875,0.600180045011253,-1.56238879358142,-530.036021180683,-119.999848538218,0
0.140035008752188,0.720210052513128,-1.55902597640316,-530.050428242183,-119.999703159979,0
0.160040010002501,0.840240060015004,-1.55510271304129,-530.067235648142,-119.999472318135,0
0.180045011252813,0.960270067516879,-1.55061900349579,-530.086442743711,-119.999127756557,0
0.200050012503126,1.08030007501876,-1.54557484776667,-530.108048554251,-119.998637187925,0
0.220055013753438,1.20033008252063,-1.53997024585393,-530.132051694875,-119.997964297588,0
0.240060015003751,1.32036009002251,-1.53380519775757,-530.158450268743,-119.997068749031,0
0.260065016254064,1.44039009752438,-1.52707970347758,-530.187241754111,-119.995906191356,0
0.280070017504376,1.56042010502626,-1.51979457277405,-530.218422880951,-119.994428282798,0
0.300075018754689,1.68045011252813,-1.51218148117791,-530.251989715021,-119.992586596964,0
0.320080020005001,1.80048012003001,-1.50452411232276,-530.287938021723,-119.990338827891,0
0.340085021255314,1.92051012753188,-1.49683035783902,-530.326263308642,-119.987646965441,0
0.360090022505626,2.04054013503376,-1.48910596104469,-530.366960628903,-119.984473034238,0
0.380095023755939,2.16057014253563,-1.48135486312947,-530.410024579435,-119.980779078686,0
0.400100025006252,2.28060015003751,-1.47357947271288,-530.455449297639,-119.976527138445,0
0.420105026256564,2.40063015753938,-1.46578087940128,-530.503228456137,-119.97167921565,0
0.440110027506877,2.52066016504126,-1.45795902590348,-530.553355255289,-119.966197234975,0
0.460115028757189,2.64069017254313,-1.45011284913047,-530.605822413248,-119.960042997469,0
0.480120030007502,2.76072018004501,-1.44224039784002,-530.660622153305,-119.953178128991,0
0.500125031257814,2.88075018754688,-1.43433893237092,-530.717746188358,-119.94556402399,0
0.520130032508127,3.00078019504876,-1.42640501057361,-530.777185702303,-119.937161785343,0
0.54013503375844,3.12081020255063,-1.4184345630038,-530.838931328232,-119.927932160892,0
0.560140035008752,3.24070017504375,-1.41042329541511,-530.902970362187,-119.917835946597,0
0.580145036259065,3.34072518129532,-1.40241359577769,-530.968900487096,-119.906899632248,0
0.600150037509377,3.44075018754688,-1.39438355121675,-531.036712114439,-119.895091657369,0
0.62015503875969,3.54077519379844,-1.38632673085515,-531.106395076909,-119.882379520277,0
0.640160040010002,3.64080020005,-1.37823654561487,-531.177938678428,-119.868730225226,0
0.660165041260315,3.74082520630157,-1.37010627211671,-531.251331663312,-119.854110229049,0
0.680170042510628,3.84085021255313,-1.36192907582928,-531.326562182944,-119.838485389077,0
0.70017504376094,3.94087521880469,-1.35369803349143,-531.403617759988,-119.821820912631,0
0.720180045011253,4.04090022505626,-1.34540615481826,-531.482485250157,-119.804081308372,0
0.740185046261565,4.14092523130782,-1.33704640349004,-531.563150801558,-119.785230339792,0
0.760190047511878,4.24095023755938,-1.32861171741652,-531.645599811668,-119.765230981137,0
0.780195048762191,4.34097524381095,-1.32009502826359,-531.729816881953,-119.744045376002,0
0.800200050012503,4.44100025006251,-1.31148928022608,-531.815785770193,-119.721634798886,0
0.820205051262816,4.54102525631408,-1.30278744802905,-531.903489340552,-119.697959619938,0
0.840210052513128,4.64105026256564,-1.29398255413884,-531.992909511454,-119.672979273129,0
0.860215053763441,4.74107526881721,-1.28506768516584,-532.084027201308,-119.646652228105,0
0.880220055013753,4.84110027506877,-1.27603600744165,-532.176822272173,-119.618935965908,0
0.900225056264066,4.94112528132033,-1.26688078175506,-532.271273471411,-119.589786958797,0
0.920230057514379,5.0411502875719,-1.257595377233,-532.367358371428,-119.559160654359,0
0.940235058764691,5.14116589147287,-1.24817330151072,-532.465053129801,-119.527011525395,0
0.960240060015004,5.24036669167292,-1.23860966338106,-532.564317374752,-119.493298263989,0
0.980245061265316,5.33756668767193,-1.22890169332366,-532.665087221386,-119.457987059466,0
1.00025006251563,5.4327821915479,-1.21904653565866,-532.767298198862,-119.421044417016,0
1.02025506376594,5.52605322922731,-1.20904151900485,-532.870885676053,-119.382437021656,0
1.04026006501625,5.61741950007503,-1.19888417305512,-532.975784836085,-119.342131769413,0
1.06026506626657,5.70691990274049,-1.18857223801755,-533.081930643855,-119.300095806128,0
1.08027006751688,5.79459254169543,-1.17810367162871,-533.189257815717,-119.256296570213,0
1.10027506876719,5.88047474325206,-1.16747665402952,-533.297700791614,-119.210701838918,0
1.1202800700175,5.96460307145046,-1.15668959069672,-533.407193709787,-119.16327977774,0
1.14028507126782,6.0470133436255,-1.14574111361211,-533.517670384146,-119.113998992597,0
1.16029007251813,6.12769593464346,-1.13463016203599,-533.629063478126,-119.062828971154,0
1.18029507376844,6.20371493939464,-1.12336129024777,-533.741251729235,-119.009765475352,0
1.20030007501875,6.27973316585354,-1.1119305711383,-533.854197730988,-118.954766332794,0
1.22030507626907,6.35567709865525,-1.10033503168078,-533.967861189092,-118.89778969845,0
1.24031007751938,6.43010028735161,-1.0885745282261,-534.082174598312,-118.838806947997,0
1.26031507876969,6.50300423276016,-1.07664899755226,-534.197069514005,-118.777790517274,0
1.28032008002,6.5744193573545,-1.06455857277984,-534.312477078168,-118.714713698101,0
1.30032508127032,6.64437605329305,-1.05230357831164,-534.428328030518,-118.649550694133,0
1.32033008252063,6.71290410413287,-1.03988452198308,-534.544552711967,-118.582276681835,0
1.34033508377094,6.78003268544206,-1.02730208675326,-534.661081070753,-118.512867871012,0
1.36034008502126,6.8457903769747,-1.01455712206996,-534.777842671408,-118.441301564509,0
1.38034508627157,6.91020517483367,-1.00165063499343,-534.894766706487,-118.367556216852,0
1.40035008752188,6.97330450338967,-0.988583781155573,-535.011782011016,-118.291611491594,0
1.42035508877219,7.03511522695714,-0.975357855624673,-535.128817079575,-118.213448317172,0
1.44036009002251,7.09566366123158,-0.961974283738998,-535.245800085931,-118.133048941076,0
1.46036509127282,7.15497558449338,-0.948434611966389,-535.362658905148,-118.050396982168,0
1.48037009252313,7.21307624858285,-0.934740498840996,-535.479321138052,-117.965477480987,0
1.50037509377344,7.26999038965107,-0.920893706022552,-535.595714137975,-117.878276947915,0
1.52038009502376,7.32574223869122,-0.906896089518199,-535.711765039658,-117.788783409068,0
1.54038509627407,7.38035553185484,-0.892749591101804,-535.827400790201,-117.696986449818,0
1.56039009752438,7.43385352055742,-0.878456229960886,-535.942548181948,-117.602877255845,0
1.58039509877469,7.4862589813776,-0.864018094596821,-536.057133887195,-117.506448651653,0
1.60040010002501,7.5375942257542,-0.849437334999806,-536.171084494584,-117.40769513648,0
1.62040510127532,7.58788110948524,-0.834716155116184,-536.284326547082,-117.306612917552,0
1.64041010252563,7.63714104203301,-0.819856805622155,-536.396786581407,-117.203199940644,0
1.66041510377594,7.68539499563897,-0.804861577014632,-536.508391168783,-117.097455917932,0
1.68042010502626,7.73266351425273,-0.789732793026921,-536.619066956901,-116.9893823531,0
1.70042510627657,7.77896672227845,-0.774472804374262,-536.72874071297,-116.878982563722,0
1.72043010752688,7.82432433314281,-0.75908398283167,-536.837339367722,-116.766261700902,0
1.74043510877719,7.86875565768789,-0.743568715644388,-536.944790060274,-116.651226766199,0
1.76044011002751,7.91227961239268,-0.72792940026919,-537.051020183708,-116.533886625851,0
1.78044511127782,7.95491472742677,-0.712168439443073,-537.155957431271,-116.41425202233,0
1.80045011252813,7.9966791545394,-0.696288236574217,-537.259529843077,-116.292335583261,0
1.82045511377844,8.0375906747876,-0.680291191448862,-537.361665853209,-116.168151827748,0
1.84046011502876,8.07766670610634,-0.664179696246473,-537.4622943371,-116.041717170144,0
1.86046511627907,8.11692431072418,-0.647956131854659,-537.561344659119,-115.913049921336,0
1.88047011752938,8.15538020242745,-0.631622864474384,-537.658746720238,-115.78217028757,0
1.90047511877969,8.19305075367609,-0.61518224250543,-537.754431005705,-115.649100366908,0
1.92048012003001,8.22995200257416,-0.598636593701452,-537.848328632626,-115.513864143345,0
1.94048512128032,8.266099659698,-0.581988222583605,-537.940371397372,-115.37648747868,0
1.96049012253063,8.30150911478494,-0.565239408101358,-538.030491822727,-115.236998102181,0
1.98049512378095,8.33619544328545,-0.548392401528981,-538.118623204712,-115.095425598132,0
2.00050012503126,8.37017341278147,-0.531449424586042,-538.204699658996,-114.951801391317,0
2.02050512628157,8.40345748927357,-0.514412667770257,-538.288656166835,-114.806158730517,0
2.04051012753188,8.43606184333993,-0.49728428889105,-538.37042862047,-114.658532670091,0
2.0605151287822,8.46800035616928,-0.480066411792362,-538.449953867936,-114.508960049706,0
2.08052013003251,8.49928662547087,-0.462761125253374,-538.527169757197,-114.357479472295,0
2.10052513128282,8.52993397126358,-0.445370482056055,-538.602015179586,-114.204131280302,0
2.12053013253313,8.55995544154688,-0.42789649820869,-538.674430112482,-114.0489575303,0
2.14053513378345,8.589363817856,-0.4103411523149,-538.744355661175,-113.892001966029,0
2.16054013503376,8.61817162070362,-0.392706385077936,-538.811734099894,-113.73330998995,0
2.18054513628407,8.64639111491036,-0.37499409893041,-538.876508911936,-113.572928633356,0
2.20055013753438,8.67403431482658,-0.35720615778003,-538.938624828883,-113.410906525123,0
2.2205551387847,8.70111298944738,-0.33934438686222,-538.998027868854,-113.247293859161,0
2.24056014003501,8.72763866742325,-0.321410572690989,-539.05466537377,-113.082142360635,0
2.26056514128532,8.75362264196833,-0.303406463099743,-539.108486045606,-112.915505251,0
2.28057014253563,8.77907597566844,-0.285333767364199,-539.159439981605,-112.747437211941,0
2.30057514378595,8.80400950519097,-0.267194156399909,-539.207478708418,-112.577994348247,0
2.32058014503626,8.82843384589852,-0.248989263027353,-539.252555215178,-112.407234149703,0
2.34058514628657,8.8523593963684,-0.230720682297925,-539.294623985451,-112.235215452041,0
2.36059014753688,8.87579634281969,-0.212389971874535,-539.333641028083,-112.061998397007,0
2.3805951487872,8.89875466345012,-0.193998652460945,-539.36956390691,-111.887644391609,0
2.40060015003751,8.92124413268413,-0.17554820827432,-539.402351769322,-111.712216066585,0
2.42060515128782,8.94327432533438,-0.157040087555793,-539.431965373664,-111.535777234151,0
2.44061015253813,8.96485462067815,-0.138475703114282,-539.458367115487,-111.358392845069,0
2.46061515378845,8.98599420645052,-0.119856432899044,-539.481521052608,-111.180128945101,0
2.48062015503876,9.00670208275607,-0.101183620596812,-539.501392928997,-111.00105263087,0
2.50062515628907,9.02698706590058,-0.0824585762496752,-539.517950197486,-110.821232005202,0
2.52063015753938,9.04685779214461,-0.0636825768901263,-539.53116204127,-110.640736131965,0
2.5406351587897,9.06632272138027,-0.04485686719003,-539.540999394236,-110.459634990471,0
2.56064016004001,9.08539014073307,-0.0259826601204671,-539.547434960086,-110.277999429466,0
2.58064516129032,9.10406816809009,-0.007061137619704,-539.550443230265,-110.095901120764,0
2.60065016254064,9.12236475555614,0.0119065487332181,-539.550000500703,-109.913412512543,0
2.62065516379095,9.14028769283935,0.0309192770415973,-539.546084887352,-109.730606782365,0
2.64066016504126,9.15784461056763,0.0499759544129532,-539.538676340542,-109.547557789936,0
2.66066516629157,9.17504298353734,0.0690755162815846,-539.52775665814,-109.36434002966,0
2.68067016754189,9.1918901338957,0.0882169257334932,-539.513309497529,-109.181028583001,0
2.7006751687922,9.20839323425814,0.107399172835197,-539.495320386398,-108.997699070713,0
2.72068017004251,9.22455931076201,0.126621273967842,-539.473776732362,-108.814427604945,0
2.74068517129282,9.24039524605797,0.145882271167758,-539.448667831407,-108.631290741269,0
2.76069017254314,9.25590778224022,0.165181231474604,-539.419984875171,-108.448365430666,0
2.78069517379345,9.27110352371693,0.184517246288015,-539.387720957058,-108.265728971476,0
2.80070017504376,9.28598894002204,0.203889430733577,-539.35187107721,-108.083458961374,0
2.82070517629407,9.30057036856966,0.223296923038863,-539.312432146324,-107.90163324938,0
2.84071017754439,9.31485401735218,0.242738883920125,-539.269402988336,-107.720329887931,0
2.8607151787947,9.3288459675833,0.26221449598017,-539.222784341977,-107.539627085057,0
2.88072018004501,9.34255217628712,0.281722963117859,-539.172578861201,-107.359603156675,0
2.90072518129532,9.35597847883427,0.301263509949578,-539.118791114509,-107.180336479028,0
2.92073018254564,9.36913059142632,0.320835381242954,-539.061427583165,-107.001905441303,0
2.94073518379595,9.38201411352945,0.340437841363045,-539.000496658323,-106.824388398445,0
2.96074018504626,9.39463453025838,0.360070173731166,-538.936008637071,-106.647863624194,0
2.98074518629657,9.40699721471166,0.379731680296439,-538.8679757174,-106.472409264371,0
3.00075018754689,9.41910743025921,0.399421681020136,-538.796411992116,-106.298103290431,0
3.0207551887972,9.43097033278321,0.419139513372807,-538.721333441702,-106.125023453315,0
3.04076019004751,9.44259097287321,0.4388845318442,-538.642757926138,-105.95324723761,0
3.06076519129782,9.45397429797637,0.458656107465867,-538.560705175697,-105.782851816054,0
3.08077019254814,9.46512515450382,0.478453627346396,-538.47519678073,-105.613914004392,0
3.10077519379845,9.47604828989403,0.49827649421913,-538.386256180442,-105.446510216622,0
3.12078019504876,9.486748354634,0.518124126002232,-538.293908650687,-105.280716420629,0
3.14078519629907,9.49722990423917,0.537995955370939,-538.198181290779,-105.11660809425,0
3.16079019754939,9.50749740119294,0.557891429341793,-538.099103009348,-104.954260181772,0
3.1807951987997,9.51755521684654,0.577810008868684,-537.99670450924,-104.79374705089,0
3.20080020005001,9.52740763328014,0.597751168450465,-537.891018271486,-104.635142450145,0
3.22080520130033,9.53705884512589,0.61771439574992,-537.782078538347,-104.478519466856,0
3.24081020255064,9.54651296135383,0.637699191223859,-537.669921295455,-104.323950485565,0
3.26081520380095,9.5557740070212,0.65770506776409,-537.554584253061,-104.171507147017,0
3.28082020505126,9.56484592498613,0.677731550349018,-537.436106826399,-104.021260307681,0
3.30082520630158,9.57373257758633,0.69777817570563,-537.314530115201,-103.873279999842,0
3.32083020755189,9.58243774828338,0.717844491981602,-537.18989688235,-103.727635392275,0
3.3408352088022,9.59096514327362,0.737930058427262,-537.06225153171,-103.584394751511,0
3.36084021005251,9.59931839306599,0.758034445087182,-536.931640085142,-103.443625403718,0
3.38084521130283,9.6075010540277,0.778157232501105,-536.79811015871,-103.305393697209,0
3.40085021255314,9.61551660989841,0.79829801141397,-536.661710938115,-103.169764965596,0
3.42085521380345,9.62336847327334,0.818456382494778,-536.522493153352,-103.036803491593,0
3.44086021505376,9.63105998705622,0.838631956064041,-536.380509052623,-102.906572471499,0
3.46086521630408,9.63859442588248,0.858824351829567,-536.235812375512,-102.779133980354,0
3.48087021755439,9.64597499751348,0.879033198630334,-536.088458325441,-102.654548937803,0
3.5008752188047,9.65320484420212,0.899258134188211,-535.938503541437,-102.532877074663,0
3.52088022005501,9.66028704403069,0.919498804867282,-535.786006069198,-102.414176900214,0
3.54088522130533,9.66722461222136,0.939754865440546,-535.631025331512,-102.298505670226,0
3.56089022255564,9.67402050241989,0.960025978863759,-535.473622098015,-102.185919355728,0
3.58089522380595,9.68067760795311,0.980311816056199,-535.313858454326,-102.076472612537,0
3.60090022505626,9.68719876306078,1.00061205568812,-535.151797770571,-101.970218751556,0
3.62090522630658,9.69358674410222,1.0209263839747,-534.987504669306,-101.867209709846,0
3.64091022755689,9.69984427073839,1.04125449447628,-534.821044992871,-101.767496022491,0
3.6609152288072,9.70597400708973,1.06159608790461,-534.652485770187,-101.671126795256,0
3.68092023005751,9.71197856287039,1.08195087193508,-534.481895183008,-101.578149678055,0
3.70092523130783,9.71786049449935,1.10231856102453,-534.309342531658,-101.488610839237,0
3.72093023255814,9.7236223061888,1.12269887623464,-534.134898200264,-101.402554940692,0
3.74093523380845,9.72926645101025,1.14309154506054,-533.958633621509,-101.320025113794,0
3.76094023505876,9.73479533193898,1.16349630126465,-533.78062124092,-101.241062936178,0
3.78094523630908,9.74021130287704,1.18391288471545,-533.600934480705,-101.165708409372,0
3.80095023755939,9.74551666965549,1.20434104123105,-533.419647703175,-101.093999937279,0
3.8209552388097,9.750713691016,1.22478052242739,-533.236836173752,-101.025974305521,0
3.84096024006001,9.75580457957261,1.24523108557099,-533.05257602359,-100.961666661649,0
3.86096524131033,9.76079150275364,1.26569249343594,-532.866944211831,-100.901110496227,0
3.88097024256064,9.76567658372454,1.28602887750426,-532.680022059302,-100.844324863341,0
3.90097524381095,9.7704619022918,1.30357467076379,-532.491964578372,-100.791063203274,0
3.92098024506127,9.77514949578839,1.31826618006997,-532.302981368768,-100.740815108107,0
3.94098524631158,9.77974135994119,1.33025939894627,-532.113254657599,-100.693070193708,0
3.96099024756189,9.78423944972063,1.33969614985974,-531.922939137687,-100.647339656057,0
3.9809952488122,9.78864568017305,1.34670813986056,-531.732167626409,-100.603155813528,0
4.00100025006252,9.79296192723597,1.35142031521963,-531.541055853094,-100.560071923638,2
4.02100525131283,9.79719002853682,1.35395364019264,-531.34970650777,-100.517662267872,2
4.04101025256314,9.80133178417526,1.35442737271321,-531.15821264585,-100.475522486502,2
4.06101525381345,9.8053889574896,1.35296087403078,-530.966660515873,-100.433270132778,2
4.08102025506377,9.80936327580752,1.34967496679028,-530.77513185867,-100.390545403171,2
4.10102525631408,9.81325643118144,1.34606316823034,-530.583676203555,-100.347143231887,2
4.12103025756439,9.81707008110898,1.36623479064567,-530.391797466296,-100.305313080956,2
4.1410352588147,9.82080584923856,1.38469306484335,-530.199072508579,-100.267181922324,2
4.16104026006502,9.82446532606072,1.40159736741093,-530.005630777828,-100.232451074863,2
4.18104526131533,9.82805006958522,1.41708781212447,-529.811580556831,-100.200846238532,2
4.20105026256564,9.8315616060044,1.43128855862262,-529.617012577777,-100.172115205357,2
4.22105526381595,9.83500143034289,1.44431037339058,-529.422002965311,-100.146025862807,2
4.24106026506627,9.83837100709419,1.45625264304929,-529.226615650412,-100.122364435344,2
4.26106526631658,9.84167177084413,1.46720497978886,-529.030904361984,-100.100933923189,2
4.28107026756689,9.8449051268816,1.47724851856952,-528.834914278044,-100.081552706726,2
4.3010752688172,9.84807245179695,1.48645697824744,-528.638683400171,-100.064053291828,2
4.32108027006752,9.85117509406796,1.49489753966359,-528.442243701292,-100.048281176378,2
4.34108527131783,9.85421437463401,1.5026315801962,-528.245622086722,-100.034093822093,2
4.36109027256814,9.85719158745848,1.50971529454471,-528.048841200497,-100.021359718611,2
4.38109527381845,9.86010800007958,1.51620022441959,-527.85192010302,-100.009957529048,2
4.40110027506877,9.86296485415007,1.52213371457839,-527.654874841239,-99.9997753079711,2
4.42110527631908,9.86576336596587,1.52755930874428,-527.457718928841,-99.9907097841312,2
4.44111027756939,9.86850472698386,1.53251709600145,-527.260463750879,-99.9826657013991,2
4.4611152788197,9.87119010432919,1.53704401602586,-527.063118904852,-99.975555212253,2
4.48112028007002,9.87382064129214,1.54117412979621,-526.865692488232,-99.969297318903,2
4.50112528132033,9.8763974578149,1.54493886110702,-526.668191340813,-99.9638173577479,2
4.52113028257064,9.87892165096834,1.54836721317811,-526.470621248923,-99.9590465233654,2
4.54113528382095,9.88139429541913,1.55148596385017,-526.272987117419,-99.954921428664,2
4.56114028507127,9.88381644388727,1.55431984222402,-526.07529311444,-99.9513836981898,2
4.58114528632158,9.88618912759426,1.55689168910064,-525.877542793155,-99.9483795918887,2
4.60115028757189,9.88851335670213,1.55922260318089,-525.679739194043,-99.9458596568915,2
4.62115528882221,9.89079012074355,1.56133207466554,-525.481884930743,-99.943778405124,2
4.64116029007252,9.89302038904311,1.56323810764025,-525.283982262016,-99.9420940147413,2
4.66116529132283,9.89520511112997,1.56495733242281,-525.086033151977,-99.9407680535692,2
4.68117029257314,9.89734521714217,1.56650510888195,-524.888039320452,-99.9397652228884,2
4.70117529382346,9.8994416182226,1.56789562159879,-524.690002284984,-99.9390531200393,2
4.72118029507377,9.90149520690691,1.56914196762867,-524.491923395827,-99.938602018451,2
4.74118529632408,9.90350685750357,1.57025623752718,-524.293803865034,-99.9383846638077,2
4.76119029757439,9.90547742646599,1.5712495902254,-524.095644790586,-99.9383760851703,2
4.78119529882471,9.90740775275726,1.57213232227374,-523.897447176349,-99.9385534199613,2
4.80120030007502,9.90929865820727,1.57291393191743,-523.699211948558,-99.9388957518044,2
4.82120530132533,9.91115094786262,1.57360317841968,-523.500939969374,-99.9393839602861,2
4.84121030257564,9.91296541032939,1.57420813700701,-523.30263204801,-99.9400005817784,2
4.86121530382596,9.91474281810884,1.57473624977622,-523.104288949831,-99.940729680522,2
4.88122030507627,9.91648392792634,1.57519437287133,-522.905911403764,-99.9415567292311,2
4.90122530632658,9.91818948105352,1.5755888202119,-522.707500108309,-99.9424684985322,2
4.92123030757689,9.91986020362386,1.57592540403005,-522.509055736399,-99.9434529546023,2
4.94123530882721,9.92149680694187,1.57620947245216,-522.310578939301,-99.944499164413,2
4.96124031007752,9.9230999877859,1.57644594434232,-522.112070349735,-99.9455972080348,2
4.98124531132783,9.92467042870479,1.57663934160732,-521.913530584347,-99.946738097491,2
5.00125031257814,9.92620879830847,1.57679381914759,-521.714960245667,-99.9479137016884,2
5.02125531382846,9.92771575155261,1.57691319262429,-521.516359923629,-99.9491166769865,2
5.04126031507877,9.92919193001749,1.5770009642003,-521.317730196763,-99.9503404029968,2
5.06126531632908,9.93063796218113,1.57706034640068,-521.119071633093,-99.9515789232334,2
5.08127031757939,9.93205446368684,1.57709428422797,-520.920384790832,-99.9528268902628,2
5.10127531882971,9.93344203760539,1.5771054756574,-520.721670218892,-99.954079515026,2
5.12128032008002,9.9348012746917,1.57709639062837,-520.522928457264,-99.9553325200296,2
5.14128532133033,9.9361327536364,1.57706928864009,-520.324160037286,-99.9565820961227,2
5.16129032258065,9.93743704131217,1.57702623505128,-520.125365481839,-99.9578248625985,2
5.18129532383096,9.93871469301512,1.57696911617723,-519.926545305475,-99.9590578303766,2
5.20130032508127,9.93996625270115,1.5768996532704,-519.727700014507,-99.9602783680398,2
5.22130532633158,9.94119225321761,1.57681941546479,-519.528830107061,-99.9614841705153,2
5.2413103275819,9.9423932165301,1.57672983175875,-519.329936073119,-99.962673230206,2
5.26131532883221,9.94356965394473,1.57663220210539,-519.131018394534,-99.9638438103897,2
5.28132033008252,9.94472206632578,1.576527707675,-518.93207754505,-99.9649944207188,2
5.30132533133283,9.94585094430896,1.57641742034926,-518.733113990318,-99.966123794664,2
5.32133033258315,9.94695676851028,1.57630231150283,-518.534128187908,-99.9672308687573,2
5.34133533383346,9.94804000973071,1.57618326012391,-518.335120587331,-99.9683147635,2
5.36134033508377,9.94910112915654,1.57606106032181,-518.136091630067,-99.9693747658104,2
5.38134533633408,9.95014057855584,1.57593642826602,-517.937041749595,-99.9704103128955,2
5.4013503375844,9.95115880047069,1.57581000859823,-517.737971371435,-99.97142097744,2
5.42135533883471,9.95215622840569,1.57568238035578,-517.538880913199,-99.9724064540118,2
5.44136034008502,9.95313328701243,1.57555406244219,-517.339770784645,-99.9733665465927,2
5.46136534133533,9.95409039227034,1.57542551867799,-517.140641387741,-99.9743011571476,2
5.48137034258565,9.9550279516638,1.57529716246274,-516.941493116742,-99.9752102751537,2
5.50137534383596,9.95594636435558,1.57516936107664,-516.742326358265,-99.9760939680151,2
5.52138034508627,9.95684602135682,1.57504243964855,-516.543141491374,-99.9769523722957,2
5.54138534633658,9.95772730569347,1.57491668481488,-516.343938887674,-99.9777856857059,2
5.5613903475869,9.95859059256941,1.57479234809232,-516.144718911406,-99.978594159785,2
5.58139534883721,9.95943624952615,1.57466964898567,-515.945481919549,-99.9793780932262,2
5.60140035008752,9.9602646365993,1.57454877785049,-515.746228261923,-99.9801378257912,2
5.62140535133783,9.96107610647191,1.57442989852874,-515.546958281299,-99.9808737327712,2
5.64141035258815,9.96187100462456,1.5743131507746,-515.34767231351,-99.981586219948,2
5.66141535383846,9.9626496694825,1.57419865248601,-515.148370687563,-99.982275719018,2
5.68142035508877,9.96341243255968,1.57408650175667,-514.949053725755,-99.9829426834409,2
5.70142535633908,9.96415961859997,1.57397677876198,-514.749721743791,-99.9835875846782,2
5.7214303575894,9.96489154571532,1.57386954749146,-514.5503750509,-99.9842109087922,2
5.74143535883971,9.96560852552126,1.57376485733941,-514.351013949951,-99.9848131533736,2
5.76144036009002,9.96631086326957,1.57366274456443,-514.151638737576,-99.9853948247735,2
5.78144536134034,9.96699885797819,1.57356323362793,-513.952249704283,-99.9859564356125,2
5.80145036259065,9.9676728025586,1.57346633842092,-513.752847134575,-99.986498502545,2
5.82145536384096,9.96833298394045,1.57337206338751,-513.553431307069,-99.9870215442571,2
5.84146036509127,9.96897968319378,1.57328040455329,-513.354002494611,-99.9875260796793,2
5.86146536634159,9.96961317564865,1.57319135046581,-513.154560964389,-99.9880126263942,2
5.8814703675919,9.97023373101235,1.573104883054,-512.955106978048,-99.9884816992242,2
5.90147536884221,9.9708416134843,1.57302097841296,-512.755640791803,-99.9889338089823,2
5.92148037009252,9.97143708186841,1.57293960751987,-512.556162656552,-99.9893694613728,2
5.94148537134284,9.97202038968339,1.57286073688643,-512.356672817978,-99.9897891560285,2
5.96149037259315,9.97259178527059,1.5727843291529,-512.157171516666,-99.9901933856721,2
5.98149537384346,9.97315151189981,1.57271034362839,-511.957658988202,-99.9905826353906,2
6.00150037509377,9.97369980787278,1.57263873678162,-511.75813546328,-99.9909573820126,2
6.02150537634409,9.97423690662472,1.57256946268613,-511.558601167804,-99.9913180935795,2
6.0415103775944,9.97476303682363,1.57250247342373,-511.359056322987,-99.991665228901,2
6.06151537884471,9.9752784224677,1.57243771944934,-511.159501145454,-99.9919992371875,2
6.08152038009502,9.97578328298067,1.57237514992064,-510.959935847332,-99.9923205577524,2
6.10152538134534,9.97627783330522,1.57231471299521,-510.76036063635,-99.9926296197759,2
6.12153038259565,9.97676228399453,1.57225635609792,-510.56077571593,-99.9929268421274,2
6.14153538384596,9.97723684130187,1.57220002616107,-510.361181285278,-99.993212633236,2
6.16154038509627,9.97770170726843,1.57214566983946,-510.161577539474,-99.9934873910095,2
6.18154538634659,9.97815707980939,1.57209323370264,-509.961964669556,-99.9937515027916,2
6.2015503875969,9.97860315279808,1.57204266440615,-509.762342862612,-99.9940053453577,2
6.22155538884721,9.97904011614862,1.57199390884359,-509.562712301856,-99.9942492849419,2
6.24156039009752,9.9794681558967,1.57194691428126,-509.363073166715,-99.9944836772933,2
6.26156539134784,9.97988745427884,1.57190162847669,-509.163425632907,-99.9947088677575,2
6.28157039259815,9.98029818980993,1.57185799978272,-508.963769872521,-99.9949251913811,2
6.30157539384846,9.98070053735928,1.57181597723817,-508.764106054089,-99.995132973035,2
6.32158039509878,9.98109466822502,1.57177551064653,-508.564434342668,-99.9953325275554,2
6.34158539634909,9.98148075020709,1.57173655064354,-508.364754899909,-99.9955241598994,2
6.3615903975994,9.98185894767859,1.57169904875488,-508.165067884127,-99.9957081653134,2
6.38159539884971,9.98222942165587,1.57166295744469,-507.965373450376,-99.9958848295121,2
6.40160040010003,9.982592329867,1.57162823015601,-507.765671750514,-99.9960544288666,2
6.42160540135034,9.98294782681896,1.57159482134367,-507.565962933271,-99.9962172306,2
6.44161040260065,9.98329606386339,1.57156268650056,-507.366247144317,-99.9963734929892,2
6.46161540385096,9.98363718926109,1.57153178217781,-507.16652452632,-99.9965234655716,2
6.48162040510128,9.98397134824506,1.57150206599955,-506.966795219017,-99.9966673893546,2
6.50162540635159,9.9842986830824,1.57147349667276,-506.767059359269,-99.9968054970289,2
6.5216304076019,9.98461933313484,1.57144603399281,-506.567317081124,-99.9969380131826,2
6.54163540885221,9.98493343491807,1.57141963884503,-506.367568515874,-99.9970651545168,2
6.56164041010253,9.98524112215992,1.57139427320282,-506.167813792115,-99.9971871300604,2
6.58164541135284,9.9855425258572,1.57136990012266,-505.968053035802,-99.9973041413852,2
6.60165041260315,9.98583777433154,1.57134648373642,-505.768286370301,-99.9974163828195,2
6.62165541385346,9.98612699328404,1.57132398924123,-505.568513916449,-99.9975240416603,2
6.64166041510378,9.9864103058487,1.57130238288724,-505.368735792601,-99.9976272983823,2
6.66166541635409,9.98668783264491,1.57128163196354,-505.168952114686,-99.9977263268463,2
6.6816704176044,9.9869596918288,1.57126170478252,-504.969162996253,-99.9978212945027,2
6.70167541885471,9.98722599914353,1.57124257066278,-504.769368548523,-99.9979123625933,2
6.72168042010503,9.98748686796857,1.57122419991099,-504.569568880437,-99.9979996863488,2
6.74168542135534,9.98774240936795,1.57120656380261,-504.369764098704,-99.9980834151832,2
6.76169042260565,9.98799273213761,1.57118963456196,-504.169954307844,-99.9981636928839,2
6.78169542385596,9.98823794285163,1.57117338534148,-503.970139610238,-99.9982406577982,2
6.80170042510628,9.98847814590768,1.5711577902006,-503.770320106168,-99.9983144430153,2
6.82170542635659,9.98871344357142,1.57114282408402,-503.570495893861,-99.9983851765446,2
6.8417104276069,9.98894393602007,1.57112846279992,-503.370667069535,-99.9984529814892,2
6.86171542885721,9.98916972138502,1.57111468299775,-503.170833727437,-99.9985179762154,2
6.88172043010753,9.98939089579367,1.57110146214611,-502.970995959883,-99.9985802745175,2
6.90172543135784,9.98960755341028,1.57108877851041,-502.771153857302,-99.9986399857788,2
6.92173043260815,9.98981978647615,1.57107661113078,-502.57130750827,-99.9986972151275,2
6.94173543385846,9.99002768534879,1.57106493979986,-502.371456999551,-99.9987520635887,2
6.96174043510878,9.99023133854048,1.57105374504095,-502.171602416134,-99.9988046282319,2
6.98174543635909,9.99043083275591,1.57104300808624,-501.97174384127,-99.9988550023141,2
7.0017504376094,9.99062625292907,1.57103271085538,-501.771881356504,-99.9989032754187,2
7.02175543885971,9.99081768225948,1.57102283593421,-501.572015041716,-99.9989495335906,2
7.04176044011003,9.99100520224755,1.57101336655398,-501.37214497515,-99.998993859466,2
7.06176544136034,9.9911888927293,1.57100428657081,-501.172271233453,-99.9990363323994,2
7.08177044261065,9.99136883191035,1.57099558044553,-500.9723938917,-99.9990770285856,2
7.10177544386096,9.99154509639923,1.57098723322393,-500.772513023436,-99.9991160211787,2
7.12178044511128,9.99171776123997,1.57097923051746,-500.572628700697,-99.9991533804057,2
7.14178544636159,9.99188689994406,1.57097155848427,-500.372740994051,-99.9991891736784,2
7.1617904476119,9.99205258452177,1.57096420381073,-500.172849972619,-99.9992234656995,2
7.18179544886222,9.99221488551274,1.57095715369342,-499.972955704113,-99.9992563185665,2
7.20180045011253,9.99237387201611,1.57095039582151,-499.773058254858,-99.9992877918715,2
7.22180545136284,9.99252961171987,1.57094391835961,-499.573157689826,-99.9993179427977,2
7.24181045261315,9.99268217092968,1.57093770993111,-499.373254072657,-99.9993468262123,2
7.26181545386347,9.99283161459713,1.57093175960191,-499.173347465695,-99.9993744947563,2
7.28182045511378,9.99297800634739,1.57092605686467,-498.973437930006,-99.9994009989314,2
7.30182545636409,9.99312140850625,1.57092059162345,-498.773525525412,-99.9994263871831,2
7.3218304576144,9.99326188212675,1.57091535417883,-498.573610310508,-99.9994507059817,2
7.34183545886472,9.99339948701504,1.57091033521351,-498.373692342694,-99.9994739998994,2
7.36184046011503,9.99353428175598,1.57090552577823,-498.173771678199,-99.9994963116856,2
7.38184546136534,9.99366632373798,1.57090091727829,-497.9738483721,-99.9995176823385,2
7.40185046261565,9.99379566917749,1.57089650146032,-497.77392247835,-99.9995381511746,2
7.42185546386597,9.99392237314292,1.57089227039962,-497.573994049799,-99.9995577558957,2
7.44186046511628,9.99404648957807,1.57088821648779,-497.374063138217,-99.999576532653,2
7.46186546636659,9.9941680713251,1.57088433242087,-497.174129794319,-99.9995945161089,2
7.4818704676169,9.99428717014705,1.57088061118776,-496.974194067781,-99.999611739497,2
7.50187546886722,9.99440383674987,1.57087704605915,-496.774256007265,-99.9996282346789,2
7.52188047011753,9.99451812080398,1.57087363057671,-496.574315660439,-99.9996440321997,2
7.54188547136784,9.99463007096544,1.57087035854273,-496.374373073998,-99.9996591613408,2
7.56189047261815,9.99473973489669,1.57086722401009,-496.174428293681,-99.999673650171,2
7.58189547386847,9.99484715928677,1.57086422127256,-495.974481364294,-99.9996875255955,2
7.60190047511878,9.99495238987129,1.57086134485547,-495.774532329728,-99.9997008134031,2
7.62190547636909,9.99505547145181,1.57085858950669,-495.574581232978,-99.9997135383114,2
7.6419104776194,9.99515644791499,1.57085595018798,-495.37462811616,-99.9997257240105,2
7.66191547886972,9.99525536225124,1.57085342206655,-495.174673020528,-99.9997373932044,2
7.68192048012003,9.99535225657301,1.57085100050704,-494.974715986496,-99.9997485676519,2
7.70192548137034,9.99544717213275,1.57084868106372,-494.774757053651,-99.9997592682047,2
7.72193048262065,9.99554014934046,1.57084645947298,-494.574796260772,-99.9997695148448,2
7.74193548387097,9.99563122778087,1.57084433164615,-494.374833645847,-99.9997793267197,2
7.76194048512128,9.99572044623035,1.57084229366252,-494.174869246086,-99.9997887221771,2
7.78194548637159,9.99580784267336,1.57084034176267,-493.974903097939,-99.9997977187977,2
7.80195048762191,9.99589345431865,1.57083847234201,-493.774935237114,-99.9998063334263,2
7.82195548887222,9.99597731761511,1.5708366819446,-493.574965698588,-99.9998145822029,2
7.84196049012253,9.99605946826727,1.57083496725717,-493.374994516622,-99.9998224805908,2
7.86196549137284,9.9961399412505,1.57083332510342,-493.175021724781,-99.9998300434054,2
7.88197049262316,9.99621877082591,1.57083175243845,-492.975047355942,-99.9998372848403,2
7.90197549387347,9.99629599055495,1.57083024634351,-492.77507144231,-99.9998442184937,2
7.92198049512378,9.99637163331366,1.57082880402087,-492.575094015434,-99.9998508573924,2
7.94198549637409,9.99644573130671,1.57082742278889,-492.375115106217,-99.9998572140159,2
7.96199049762441,9.99651831608109,1.57082610007739,-492.175134744933,-99.9998633003189,2
7.98199549887472,9.99658941853952,1.57082483342301,-491.975152961237,-99.9998691277534,2
8.00200050012503,9.99665906895365,1.57082362046497,-491.775169784175,-99.9998747072893,2
8.02200550137534,9.99672729697692,1.5708224589408,-491.575185242205,-99.9998800494343,2
8.04201050262566,9.9967941316572,1.57082134668235,-491.375199363201,-99.999885164254,2
8.06201550387597,9.99685960144912,1.57082028161196,-491.175212174467,-99.9998900613891,2
8.08202050512628,9.99692373422626,1.57081926173871,-490.975223702751,-99.9998947500742,2
8.10202550637659,9.99698655729292,1.57081828515487,-490.775233974255,-99.9998992391543,2
8.12203050762691,9.99704809739584,1.57081735003252,-490.575243014644,-99.9999035371008,2
8.14203550887722,9.99710838073551,1.57081645462021,-490.37525084906,-99.9999076520278,2
8.16204051012753,9.99716743297737,1.57081559723985,-490.175257502132,-99.9999115917065,2
8.18204551137784,9.99722527926273,1.57081477628367,-489.975262997985,-99.9999153635796,2
8.20205051262816,9.99728194421946,1.57081399021129,-489.775267360253,-99.9999189747755,2
8.22205551387847,9.99733745197247,1.57081323754701,-489.575270612084,-99.999922432121,2
8.24206051512878,9.99739182615403,1.57081251687704,-489.375272776157,-99.9999257421541,2
8.26206551637909,9.99744508991376,1.57081182684701,-489.175273874685,-99.9999289111362,2
8.28207051762941,9.99749726592854,1.57081116615946,-488.97527392943,-99.9999319450638,2
8.30207551887972,9.99754837641215,1.57081053357148,-488.775272961707,-99.9999348496792,2
8.32208052013003,9.9975984431247,1.5708099278925,-488.575270992397,-99.9999376304818,2
8.34208552138034,9.99764748738194,1.57080934798201,-488.375268041954,-99.9999402927379,2
8.36209052263066,9.99769553006431,1.5708087927476,-488.175264130416,-99.9999428414906,2
8.38209552388097,9.99774259162582,1.57080826114283,-487.975259277409,-99.9999452815692,2
8.40210052513128,9.99778869210279,1.57080775216542,-487.775253502161,-99.9999476175984,2
8.4221055263816,9.99783385112235,1.57080726485535,-487.575246823505,-99.9999498540064,2
8.44211052763191,9.9978780879108,1.57080679829309,-487.37523925989,-99.9999519950338,2
8.46211552888222,9.99792142130182,1.57080635159794,-487.175230829389,-99.9999540447414,2
8.48212053013253,9.99796386974446,1.57080592392641,-486.975221549706,-99.9999560070174,2
8.50212553138285,9.99800545131101,1.5708055144706,-486.775211438182,-99.9999578855849,2
8.52213053263316,9.99804618370468,1.57080512245679,-486.575200511806,-99.9999596840091,2
8.54213553388347,9.99808608426718,1.57080474714395,-486.375188787218,-99.9999614057036,2
8.56214053513378,9.99812516998604,1.57080438782241,-486.175176280719,-99.9999630539372,2
8.5821455363841,9.99816345750186,1.57080404381249,-485.975163008277,-99.9999646318396,2
8.60215053763441,9.99820096311546,1.57080371446332,-485.775148985535,-99.9999661424075,2
8.62215553888472,9.99823770279471,1.57080339915154,-485.575134227814,-99.9999675885105,2
8.64216054013503,9.99827369218142,1.57080309728023,-485.375118750125,-99.9999689728958,2
8.66216554138535,9.99830894659797,1.57080280827771,-485.17510256717,-99.9999702981941,2
8.68217054263566,9.99834348105379,1.57080253159657,-484.975085693353,-99.9999715669241,2
8.70217554388597,9.99837731025185,1.57080226671256,-484.775068142782,-99.9999727814973,2
8.72218054513628,9.99841044859479,1.57080201312369,-484.575049929278,-99.9999739442228,2
8.7421855463866,9.99844291019117,1.57080177034925,-484.375031066379,-99.9999750573113,2
8.76219054763691,9.99847470886141,1.5708015379289,-484.175011567347,-99.9999761228794,2
8.78219554888722,9.9985058581437,1.57080131542185,-483.974991445173,-99.9999771429538,2
8.80220055013753,9.99853637129974,1.57080110240603,-483.774970712583,-99.9999781194746,2
8.82220555138785,9.9985662613204,1.57080089847727,-483.574949382042,-99.9999790542996,2
8.84221055263816,9.99859554093129,1.57080070324855,-483.374927465762,-99.9999799492074,2
8.86221555388847,9.99862422259809,1.57080051634931,-483.174904975705,-99.9999808059008,2
8.88222055513878,9.99865231853193,1.57080033742472,-482.974881923588,-99.9999816260103,2
8.9022255563891,9.99867984069458,1.57080016613502,-482.77485832089,-99.9999824110965,2
8.92223055763941,9.9987068008035,1.57080000215491,-482.574834178855,-99.999983162654,2
8.94223555888972,9.99873321033687,1.57079984517288,-482.374809508496,-99.9999838821134,2
8.96224056014004,9.99875908053848,1.57079969489069,-482.174784320604,-99.9999845708446,2
8.98224556139035,9.99878442242246,1.57079955102279,-481.974758625747,-99.9999852301588,2
9.00225056264066,9.99880924677807,1.57079941329573,-481.774732434278,-99.9999858613116,0
9.02225556389097,9.99883356417419,1.57079928144775,-481.57470575634,-99.999986465505,0
9.04226056514129,9.99885738496386,1.57079915522816,-481.374678601866,-99.9999870438897,0
9.0622655663916,9.99888071928872,1.570799034397,-481.174650980589,-99.9999875975673,0
9.08227056764191,9.99890357708328,1.57079891872448,-480.974622902041,-99.9999881275926,0
9.10227556889222,9.99892596807918,1.57079880799061,-480.774594375561,-99.9999886349753,0
9.12228057014254,9.9989479018093,1.57079870198474,-480.574565410296,-99.9999891206821,0
9.14228557139285,9.99896938761188,1.57079860050522,-480.374536015207,-99.9999895856385,0
9.16229057264316,9.99899043463442,1.57079850335896,-480.174506199073,-99.9999900307304,0
9.18229557389347,9.99901105183762,1.57079841036112,-479.974475970491,-99.999990456806,0
9.20230057514379,9.9990312479992,1.57079832133469,-479.774445337885,-99.9999908646773,0
9.2223055763941,9.9990510317176,1.57079823611025,-479.574414309505,-99.9999912551217,0
9.24231057764441,9.99907041141569,1.57079815452556,-479.374382893434,-99.9999916288834,0
9.26231557889472,9.99908939534431,1.57079807642531,-479.174351097589,-99.9999919866749,0
9.28232058014504,9.9991079915858,1.5707980016608,-478.974318929727,-99.9999923291781,0
9.30232558139535,9.99912620805747,1.57079793008967,-478.774286397443,-99.9999926570461,0
9.32233058264566,9.99914405251491,1.57079786157563,-478.574253508181,-99.999992970904,0
9.34233558389597,9.99916153255534,1.57079779598819,-478.37422026923,-99.99999327135,0
9.36234058514629,9.99917865562084,1.57079773320243,-478.174186687732,-99.9999935589572,0
9.3823455863966,9.9991954290015,1.57079767309877,-477.974152770683,-99.9999938342738,0
9.40235058764691,9.99921185983853,1.57079761556269,-477.774118524934,-99.999994097825,0
9.42235558889722,9.99922795512731,1.57079756048459,-477.574083957199,-99.9999943501133,0
9.44236059014754,9.99924372172037,1.57079750775953,-477.374049074053,-99.9999945916198,0
9.46236559139785,9.99925916633027,1.57079745728704,-477.174013881938,-99.9999948228052,0
9.48237059264816,9.99927429553252,1.57079740897094,-476.973978387162,-99.9999950441103,0
9.50237559389847,9.99928911576832,1.57079736271916,-476.773942595908,-99.9999952559574,0
9.52238059514879,9.99930363334734,1.57079731844355,-476.573906514229,-99.9999954587504,0
9.5423855963991,9.9993178544504,1.57079727605971,-476.373870148057,-99.9999956528762,0
9.56239059764941,9.99933178513208,1.57079723548686,-476.173833503202,-99.9999958387051,0
9.58239559889972,9.99934543132334,1.57079719664766,-475.973796585354,-99.9999960165917,0
9.60240060015004,9.99935879883398,1.57079715946806,-475.773759400089,-99.9999961868752,0
9.62240560140035,9.9993718933552,1.57079712387719,-475.573721952868,-99.9999963498806,0
9.64241060265066,9.99938472046194,1.57079708980719,-475.37368424904,-99.9999965059188,0
9.66241560390097,9.9993972856153,1.57079705719309,-475.173646293846,-99.9999966552876,0
9.68242060515129,9.99940959416486,1.57079702597271,-474.97360809242,-99.9999967982719,0
9.7024256064016,9.99942165135094,1.57079699608651,-474.77356964979,-99.9999969351445,0
9.72243060765191,9.99943346230685,1.57079696747751,-474.573530970881,-99.9999970661668,0
9.74243560890223,9.99944503206108,1.57079694009114,-474.373492060519,-99.9999971915885,0
9.76244061015254,9.9994563655394,1.57079691387517,-474.173452923431,-99.9999973116492,0
9.78244561140285,9.99946746756701,1.5707968887796,-473.973413564246,-99.9999974265778,0
9.80245061265316,9.99947834287057,1.57079686475656,-473.773373987501,-99.9999975365937,0
9.82245561390348,9.9994889960802,1.57079684176024,-473.573334197639,-99.9999976419069,0
9.84246061515379,9.99949943173146,1.57079681974676,-473.373294199011,-99.9999977427184,0
9.8624656164041,9.99950965426732,1.57079679867414,-473.173253995881,-99.9999978392205,0
9.88247061765441,9.99951966803998,1.57079677850217,-472.973213592425,-99.9999979315974,0
9.90247561890473,9.99952947731277,1.57079675919237,-472.773172992735,-99.9999980200255,0
9.92248062015504,9.99953908626197,1.5707967407079,-472.573132200818,-99.9999981046734,0
9.94248562140535,9.99954849897854,1.5707967230135,-472.373091220599,-99.9999981857028,0
9.96249062265566,9.99955771946993,1.5707967060754,-472.173050055924,-99.9999982632684,0
9.98249562390598,9.99956675166174,1.5707966898613,-471.97300871056,-99.9999983375181,0
10.0025006251563,9.99957559939938,1.57079667434024,-471.772967188197,-99.9999984085937,2
10.0225056264066,9.99958426644976,1.57079665948261,-471.572925492449,-99.9999984766309,2
10.0425106276569,9.99959275650285,1.57079664526007,-471.372883626858,-99.9999985417596,2
10.0625156289072,9.99960107317325,1.57079663164547,-471.172841594891,-99.999998604104,2
10.0825206301575,9.99960922000177,1.57079661861283,-470.972799399948,-99.9999986637832,2
10.1025256314079,9.9996172004569,1.57079660613728,-470.772757045355,-99.9999987209111,2
10.1225306326582,9.99962501793628,1.57079659419502,-470.572714534374,-99.9999987755967,2
10.1425356339085,9.99963267576819,1.57079658276325,-470.372671870197,-99.9999988279445,2
10.1625406351588,9.99964017721292,1.57079657182015,-470.172629055954,-99.9999988780544,2
10.1825456364091,9.9996475254642,1.57079656134483,-469.972586094709,-99.999998926022,2
10.2025506376594,9.99965472365051,1.57079655131732,-469.772542989464,-99.999998971939,2
10.2225556389097,9.99966177483646,1.57079654171846,-469.57249974316,-99.9999990158929,2
10.24256064016,9.99966868202408,1.57079653252993,-469.372456358678,-99.9999990579677,2
10.2625656414104,9.99967544815407,1.5707965237342,-469.172412838839,-99.9999990982437,2
10.2825706426607,9.99968207610709,1.57079651531449,-468.972369186408,-99.9999991367979,2
10.302575643911,9.99968856870499,1.5707965072547,-468.772325404093,-99.9999991737037,2
10.3225806451613,9.99969492871195,1.57079649953947,-468.572281494545,-99.9999992090318,2
10.3425856464116,9.99970115883573,1.57079649215407,-468.372237460364,-99.9999992428494,2
10.3625906476619,9.99970726172879,1.57079648508439,-468.172193304094,-99.9999992752213,2
10.3825956489122,9.99971323998942,1.57079647831694,-467.972149028229,-99.9999993062092,2
10.4026006501625,9.99971909616284,1.5707964718388,-467.772104635211,-99.9999993358723,2
10.4226056514129,9.9997248327423,1.57079646563761,-467.572060127433,-99.9999993642671,2
10.4426106526632,9.99973045217014,1.57079645970153,-467.372015507238,-99.999999391448,2
10.4626156539135,9.9997359568388,1.57079645401922,-467.171970776922,-99.9999994174668,2
10.4826206551638,9.99974134909188,1.57079644857984,-466.971925938734,-99.9999994423732,2
10.5026256564141,9.99974663122512,1.570796443373,-466.771880994877,-99.9999994662148,2
10.5226306576644,9.99975180548736,1.57079643838877,-466.571835947509,-99.999999489037,2
10.5426356589147,9.99975687408154,1.57079643361762,-466.371790798743,-99.9999995108835,2
10.562640660165,9.9997618391656,1.57079642905045,-466.171745550651,-99.999999531796,2
10.5826456614154,9.99976670285339,1.57079642467853,-465.971700205261,-99.9999995518144,2
10.6026506626657,9.99977146721563,1.57079642049353,-465.77165476456,-99.9999995709769,2
10.622655663916,9.99977613428073,1.57079641648745,-465.571609230493,-99.9999995893201,2
10.6426606651663,9.99978070603567,1.57079641265264,-465.371563604969,-99.9999996068791,2
10.6626656664166,9.99978518442686,1.57079640898178,-465.171517889855,-99.9999996236873,2
10.6826706676669,9.99978957136097,1.57079640546786,-464.97147208698,-99.9999996397769,2
10.7026756689172,9.99979386870573,1.57079640210417,-464.771426198136,-99.9999996551786,2
10.7226806701675,9.9997980782907,1.5707963988843,-464.57138022508,-99.9999996699218,2
10.7426856714179,9.99980220190811,1.57079639580208,-464.371334169531,-99.9999996840346,2
10.7626906726682,9.99980624131358,1.57079639285164,-464.171288033173,-99.9999996975441,2
10.7826956739185,9.99981019822687,1.57079639002735,-463.971241817657,-99.9999997104759,2
10.8027006751688,9.99981407433262,1.5707963873238,-463.7711955246,-99.9999997228549,2
10.8227056764191,9.99981787128108,1.57079638473585,-463.571149155584,-99.9999997347046,2
10.8427106776694,9.99982159068879,1.57079638225853,-463.371102712162,-99.9999997460476,2
10.8627156789197,9.99982523413926,1.57079637988714,-463.171056195853,-99.9999997569057,2
10.88272068017,9.9998288031837,1.57079637761713,-462.971009608145,-99.9999997672995,2
10.9027256814204,9.9998322993416,1.57079637544418,-462.770962950496,-99.999999777249,2
10.9227306826707,9.99983572410145,1.57079637336413,-462.570916224334,-99.999999786773,2
10.942735683921,9.99983907892132,1.57079637137301,-462.37086943106,-99.9999997958898,2
10.9627406851713,9.99984236522954,1.57079636946703,-462.170822572043,-99.9999998046169,2
10.9827456864216,9.99984558442521,1.57079636764253,-461.970775648625,-99.9999998129708,2
11.0027506876719,9.99984873787892,1.57079636589604,-461.770728662123,-99.9999998209675,2
11.0227556889222,9.99985182693324,1.57079636422422,-461.570681613825,-99.9999998286223,2
11.0427606901725,9.99985485290331,1.57079636262388,-461.370634504992,-99.9999998359499,2
11.0627656914229,9.99985781707744,1.57079636109196,-461.17058733686,-99.9999998429641,2
11.0827706926732,9.99986072071762,1.57079635962555,-460.970540110641,-99.9999998496784,2
11.1027756939235,9.99986356506005,1.57079635822182,-460.770492827521,-99.9999998561057,2
11.1227806951738,9.99986635131572,1.57079635687812,-460.570445488662,-99.9999998622581,2
11.1427856964241,9.99986908067086,1.57079635559187,-460.370398095202,-99.9999998681475,2
11.1627906976744,9.99987175428749,1.57079635436061,-460.170350648256,-99.9999998737851,2
11.1827956989247,9.99987437330389,1.57079635318199,-459.970303148917,-99.9999998791816,2
11.202800700175,9.9998769388351,1.57079635205377,-459.770255598255,-99.9999998843474,2
11.2228057014254,9.99987945197338,1.57079635097379,-459.570207997317,-99.9999998892924,2
11.2428107026757,9.9998819137887,1.57079634993998,-459.37016034713,-99.9999998940259,2
11.262815703926,9.99988432532916,1.57079634895037,-459.1701126487,-99.999999898557,2
11.2828207051763,9.99988668762148,1.57079634800308,-458.970064903013,-99.9999999028944,2
11.3028257064266,9.99988900167139,1.57079634709628,-458.770017111033,-99.9999999070463,2
11.3228307076769,9.9998912684641,1.57079634622826,-458.569969273706,-99.9999999110207,2
11.3428357089272,9.99989348896467,1.57079634539735,-458.369921391958,-99.9999999148252,2
11.3628407101775,9.99989566411849,1.57079634460197,-458.169873466696,-99.999999918467,2
11.3828457114279,9.99989779485162,1.5707963438406,-457.969825498809,-99.9999999219531,2
11.4028507126782,9.99989988207121,1.57079634311178,-457.769777489166,-99.9999999252901,2
11.4228557139285,9.99990192666588,1.57079634241412,-457.569729438622,-99.9999999284845,2
11.4428607151788,9.99990392950613,1.57079634174629,-457.369681348011,-99.9999999315423,2
11.4628657164291,9.99990589144465,1.57079634110701,-457.169633218151,-99.9999999344693,2
11.4828707176794,9.99990781331673,1.57079634049507,-456.969585049844,-99.9999999372712,2
11.5028757189297,9.9999096959406,1.57079633990929,-456.769536843875,-99.9999999399533,2
11.52288072018,9.9999115401178,1.57079633934856,-456.569488601013,-99.9999999425208,2
11.5428857214304,9.99991334663345,1.57079633881181,-456.369440322012,-99.9999999449784,2
11.5628907226807,9.99991511625669,1.570796338298,-456.169392007609,-99.9999999473309,2
11.582895723931,9.99991684974093,1.57079633780616,-455.969343658528,-99.9999999495829,2
11.6029007251813,9.99991854782419,1.57079633733535,-455.769295275477,-99.9999999517386,2
11.6229057264316,9.99992021122942,1.57079633688467,-455.56924685915,-99.9999999538021,2
11.6429107276819,9.99992184066483,1.57079633645327,-455.369198410226,-99.9999999557774,2
11.6629157289322,9.99992343682413,1.5707963360403,-455.16914992937,-99.9999999576682,2
11.6829207301825,9.99992500038688,1.570796335645,-454.969101417236,-99.9999999594782,2
11.7029257314329,9.99992653201878,1.57079633526659,-454.769052874461,-99.9999999612108,2
11.7229307326832,9.99992803237189,1.57079633490437,-454.569004301671,-99.9999999628693,2
11.7429357339335,9.999929502085,1.57079633455763,-454.36895569948,-99.9999999644569,2
11.7629407351838,9.99993094178383,1.57079633422572,-454.168907068487,-99.9999999659766,2
11.7829457364341,9.99993235208133,1.570796333908,-453.968858409282,-99.9999999674314,2
11.8029507376844,9.99993373357792,1.57079633360386,-453.76880972244,-99.9999999688239,2
11.8229557389347,9.99993508686178,1.57079633331273,-453.568761008525,-99.9999999701569,2
11.842960740185,9.99993641250907,1.57079633303405,-453.368712268091,-99.9999999714329,2
11.8629657414354,9.99993771108417,1.57079633276728,-453.168663501678,-99.9999999726544,2
11.8829707426857,9.99993898313994,1.57079633251192,-452.968614709819,-99.9999999738235,2
11.902975743936,9.99994022921797,1.57079633226747,-452.768565893031,-99.9999999749428,2
11.9229807451863,9.99994144984876,1.57079633203348,-452.568517051825,-99.9999999760142,2
11.9429857464366,9.99994264555199,1.5707963318095,-452.368468186698,-99.9999999770397,2
11.9629907476869,9.99994381683675,1.57079633159509,-452.16841929814,-99.9999999780214,2
11.9829957489372,9.99994496420168,1.57079633138984,-451.968370386629,-99.9999999789612,2
12.0030007501875,9.99994608813528,1.57079633119338,-451.768321452634,-99.9999999798607,2
12.0230057514379,9.99994718911607,1.57079633100531,-451.568272496613,-99.9999999807218,2
12.0430107526882,9.99994826761277,1.57079633082529,-451.368223519017,-99.9999999815461,2
12.0630157539385,9.99994932408457,1.57079633065296,-451.168174520287,-99.9999999823351,2
12.0830207551888,9.99995035898124,1.570796330488,-450.968125500853,-99.9999999830904,2
12.1030257564391,9.99995137274339,1.57079633033009,-450.768076461139,-99.9999999838134,2
12.1230307576894,9.99995236580263,1.57079633017894,-450.568027401559,-99.9999999845055,2
12.1430357589397,9.99995333858175,1.57079633003425,-450.367978322518,-99.999999985168,2
12.16304076019,9.99995429149491,1.57079632989574,-450.167929224414,-99.9999999858022,2
12.1830457614404,9.99995522494781,1.57079632976316,-449.967880107637,-99.9999999864092,2
12.2030507626907,9.99995613933786,1.57079632963624,-449.767830972567,-99.9999999869903,2
12.223055763941,9.99995703505436,1.57079632951476,-449.567781819578,-99.9999999875466,2
12.2430607651913,9.99995791247866,1.57079632939846,-449.367732649037,-99.9999999880791,2
12.2630657664416,9.99995877198432,1.57079632928714,-449.167683461301,-99.9999999885888,2
12.2830707676919,9.99995961393728,1.57079632918058,-448.967634256722,-99.9999999890767,2
12.3030757689422,9.99996043869598,1.57079632907858,-448.767585035643,-99.9999999895437,2
12.3230807701925,9.99996124661158,1.57079632898093,-448.567535798402,-99.9999999899908,2
12.3430857714429,9.99996203802803,1.57079632888746,-448.367486545329,-99.9999999904188,2
12.3630907726932,9.99996281328229,1.57079632879799,-448.167437276747,-99.9999999908284,2
12.3830957739435,9.99996357270441,1.57079632871235,-447.967387992972,-99.9999999912206,2
12.4031007751938,9.99996431661771,1.57079632863036,-447.767338694316,-99.9999999915959,2
12.4231057764441,9.99996504533891,1.57079632855188,-447.567289381081,-99.9999999919553,2
12.4431107776944,9.99996575917828,1.57079632847676,-447.367240053566,-99.9999999922992,2
12.4631157789447,9.99996645843971,1.57079632840485,-447.167190712063,-99.9999999926285,2
12.483120780195,9.99996714342092,1.57079632833601,-446.967141356856,-99.9999999929437,2
12.5031257814454,9.99996781441354,1.57079632827012,-446.767091988226,-99.9999999932454,2
12.5231307826957,9.99996847170324,1.57079632820704,-446.567042606447,-99.9999999935342,2
12.543135783946,9.99996911556986,1.57079632814666,-446.366993211787,-99.9999999938107,2
12.5631407851963,9.99996974628753,1.57079632808887,-446.166943804511,-99.9999999940753,2
12.5831457864466,9.99997036412476,1.57079632803354,-445.966894384874,-99.9999999943286,2
12.6031507876969,9.99997096934461,1.57079632798058,-445.766844953129,-99.9999999945711,2
12.6231557889472,9.99997156220473,1.57079632792988,-445.566795509525,-99.9999999948032,2
12.6431607901976,9.99997214295755,1.57079632788135,-445.366746054303,-99.9999999950254,2
12.6631657914479,9.99997271185031,1.5707963278349,-445.166696587699,-99.9999999952381,2
12.6831707926982,9.99997326912523,1.57079632779043,-444.966647109948,-99.9999999954417,2
12.7031757939485,9.99997381501955,1.57079632774787,-444.766597621276,-99.9999999956366,2
12.7231807951988,9.99997434976569,1.57079632770712,-444.566548121906,-99.9999999958232,2
12.7431857964491,9.99997487359132,1.57079632766812,-444.366498612057,-99.9999999960018,2
12.7631907976994,9.99997538671945,1.57079632763078,-444.166449091943,-99.9999999961727,2
12.7831957989497,9.99997588936855,1.57079632759504,-443.966399561774,-99.9999999963364,2
12.8032008002001,9.99997638175262,1.57079632756083,-443.766350021754,-99.999999996493,2
12.8232058014504,9.99997686408128,1.57079632752808,-443.566300472085,-99.999999996643,2
12.8432108027007,9.9999773365599,1.57079632749673,-443.366250912965,-99.9999999967865,2
12.863215803951,9.99997779938962,1.57079632746672,-443.166201344585,-99.9999999969239,2
12.8832208052013,9.9999782527675,1.570796327438,-442.966151767136,-99.9999999970554,2
12.9032258064516,9.99997869688656,1.5707963274105,-442.766102180802,-99.9999999971813,2
12.9232308077019,9.99997913193587,1.57079632738418,-442.566052585765,-99.9999999973019,2
12.9432358089522,9.99997955810067,1.57079632735898,-442.366002982202,-99.9999999974172,2
12.9632408102026,9.99997997556238,1.57079632733486,-442.165953370288,-99.9999999975277,2
12.9832458114529,9.99998038449876,1.57079632731178,-441.965903750194,-99.9999999976334,2
13.0032508127032,9.99998078508389,1.57079632728968,-441.765854122085,-99.9999999977346,2
13.0232558139535,9.99998117748832,1.57079632726852,-441.565804486127,-99.9999999978314,2
13.0432608152038,9.99998156187913,1.57079632724827,-441.365754842479,-99.9999999979241,2
13.0632658164541,9.99998193841995,1.57079632722888,-441.165705191298,-99.9999999980129,2
13.0832708177044,9.99998230727112,1.57079632721033,-440.965655532738,-99.9999999980978,2
13.1032758189547,9.99998266858965,1.57079632719257,-440.76560586695,-99.9999999981792,2
13.1232808202051,9.99998302252938,1.57079632717556,-440.565556194082,-99.999999998257,2
13.1432858214554,9.99998336924101,1.57079632715929,-440.365506514277,-99.9999999983315,2
13.1632908227057,9.99998370887214,1.57079632714371,-440.165456827678,-99.9999999984029,2
13.183295823956,9.99998404156737,1.57079632712879,-439.965407134424,-99.9999999984712,2
13.2033008252063,9.99998436746833,1.57079632711452,-439.76535743465,-99.9999999985365,2
13.2233058264566,9.9999846867138,1.57079632710085,-439.565307728489,-99.9999999985991,2
13.2433108277069,9.99998499943967,1.57079632708777,-439.365258016073,-99.999999998659,2
13.2633158289572,9.9999853057791,1.57079632707525,-439.165208297528,-99.9999999987163,2
13.2833208302076,9.99998560586251,1.57079632706326,-438.965158572979,-99.9999999987712,2
13.3033258314579,9.99998589981766,1.57079632705179,-438.765108842551,-99.9999999988238,2
13.3233308327082,9.99998618776969,1.5707963270408,-438.565059106362,-99.999999998874,2
13.3433358339585,9.9999864698412,1.57079632703029,-438.36500936453,-99.9999999989222,2
13.3633408352088,9.99998674615229,1.57079632702022,-438.16495961717,-99.9999999989683,2
13.3833458364591,9.99998701682059,1.57079632701059,-437.964909864396,-99.9999999990124,2
13.4033508377094,9.99998728196134,1.57079632700137,-437.764860106317,-99.9999999990546,2
13.4233558389597,9.99998754168742,1.57079632699254,-437.564810343043,-99.999999999095,2
13.4433608402101,9.99998779610941,1.57079632698409,-437.364760574679,-99.9999999991337,2
13.4633658414604,9.99998804533563,1.570796326976,-437.164710801329,-99.9999999991708,2
13.4833708427107,9.99998828947219,1.57079632696826,-436.964661023095,-99.9999999992062,2
13.503375843961,9.99998852862302,1.57079632696084,-436.764611240077,-99.9999999992402,2
13.5233808452113,9.99998876288994,1.57079632695375,-436.564561452373,-99.9999999992727,2
13.5433858464616,9.9999889923727,1.57079632694696,-436.364511660077,-99.9999999993038,2
13.5633908477119,9.99998921716899,1.57079632694045,-436.164461863285,-99.9999999993336,2
13.5833958489622,9.99998943737452,1.57079632693423,-435.964412062087,-99.999999999362,2
13.6034008502126,9.99998965308305,1.57079632692827,-435.764362256575,-99.9999999993893,2
13.6234058514629,9.9999898643864,1.57079632692257,-435.564312446835,-99.9999999994154,2
13.6434108527132,9.99999007137455,1.57079632691711,-435.364262632954,-99.9999999994404,2
13.6634158539635,9.99999027413562,1.57079632691189,-435.164212815017,-99.9999999994644,2
13.6834208552138,9.99999047275592,1.57079632690688,-434.964162993106,-99.9999999994873,2
13.7034258564641,9.99999066732003,1.57079632690209,-434.764113167304,-99.9999999995092,2
13.7234308577144,9.99999085791078,1.57079632689751,-434.564063337688,-99.9999999995302,2
13.7434358589647,9.9999910446093,1.57079632689312,-434.364013504338,-99.9999999995503,2
13.7634408602151,9.9999912274951,1.57079632688892,-434.163963667329,-99.9999999995695,2
13.7834458614654,9.99999140664603,1.5707963268849,-433.963913826736,-99.9999999995879,2
13.8034508627157,9.99999158213836,1.57079632688105,-433.763863982632,-99.9999999996055,2
13.823455863966,9.99999175404681,1.57079632687737,-433.56381413509,-99.9999999996224,2
13.8434608652163,9.99999192244456,1.57079632687384,-433.363764284178,-99.9999999996385,2
13.8634658664666,9.99999208740332,1.57079632687047,-433.163714429967,-99.999999999654,2
13.8834708677169,9.99999224899332,1.57079632686724,-432.963664572523,-99.9999999996688,2
13.9034758689672,9.99999240728334,1.57079632686414,-432.763614711912,-99.999999999683,2
13.9234808702176,9.99999256234079,1.57079632686118,-432.563564848199,-99.9999999996965,2
13.9434858714679,9.99999271423168,1.57079632685835,-432.363514981448,-99.9999999997095,2
13.9634908727182,9.99999286302067,1.57079632685563,-432.163465111721,-99.9999999997219,2
13.9834958739685,9.99999300877111,1.57079632685304,-431.963415239077,-99.9999999997338,2
14.0035008752188,9.99999315154505,1.57079632685055,-431.763365363578,-99.9999999997452,2
14.0235058764691,9.99999329140329,1.57079632684817,-431.56331548528,-99.9999999997561,2
14.0435108777194,9.99999342840536,1.57079632684589,-431.363265604242,-99.9999999997665,2
14.0635158789697,9.99999356260959,1.57079632684371,-431.163215720519,-99.9999999997765,2
14.0835208802201,9.99999369407312,1.57079632684163,-430.963165834166,-99.9999999997861,2
14.1035258814704,9.99999382285192,1.57079632683963,-430.763115945237,-99.9999999997952,2
14.1235308827207,9.99999394900082,1.57079632683771,-430.563066053784,-99.9999999998039,2
14.143535883971,9.99999407257352,1.57079632683588,-430.363016159859,-99.9999999998123,2
14.1635408852213,9.99999419362263,1.57079632683413,-430.162966263513,-99.9999999998204,2
14.1835458864716,9.9999943121997,1.57079632683245,-429.962916364794,-99.999999999828,2
14.2035508877219,9.9999944283552,1.57079632683085,-429.762866463752,-99.9999999998354,2
14.2235558889722,9.99999454213859,1.57079632682931,-429.562816560433,-99.9999999998424,2
14.2435608902226,9.99999465359831,1.57079632682784,-429.362766654885,-99.9999999998492,2
14.2635658914729,9.99999476278182,1.57079632682643,-429.162716747152,-99.9999999998556,2
14.2835708927232,9.99999486973559,1.57079632682508,-428.96266683728,-99.9999999998618,2
14.3035758939735,9.99999497450517,1.57079632682379,-428.762616925312,-99.9999999998677,2
14.3235808952238,9.99999507713516,1.57079632682256,-428.562567011291,-99.9999999998734,2
14.3435858964741,9.99999517766925,1.57079632682137,-428.362517095259,-99.9999999998788,2
14.3635908977244,9.99999527615025,1.57079632682024,-428.162467177256,-99.9999999998839,2
14.3835958989747,9.99999537262008,1.57079632681916,-427.962417257324,-99.9999999998889,2
14.4036009002251,9.99999546711982,1.57079632681812,-427.762367335501,-99.9999999998936,2
14.4236059014754,9.9999955596897,1.57079632681713,-427.562317411827,-99.9999999998982,2
14.4436109027257,9.99999565036913,1.57079632681618,-427.362267486338,-99.9999999999025,2
14.463615903976,9.99999573919672,1.57079632681527,-427.162217559072,-99.9999999999067,2
14.4836209052263,9.99999582621028,1.5707963268144,-426.962167630066,-99.9999999999107,2
14.5036259064766,9.99999591144686,1.57079632681357,-426.762117699354,-99.9999999999145,2
14.5236309077269,9.99999599494275,1.57079632681277,-426.562067766972,-99.9999999999182,2
14.5436359089772,9.9999960767335,1.570796326812,-426.362017832954,-99.9999999999217,2
14.5636409102276,9.99999615685393,1.57079632681127,-426.161967897333,-99.999999999925,2
14.5836459114779,9.99999623533815,1.57079632681057,-425.961917960142,-99.9999999999282,2
14.6036509127282,9.99999631221958,1.5707963268099,-425.761868021413,-99.9999999999313,2
14.6236559139785,9.99999638753094,1.57079632680926,-425.561818081178,-99.9999999999342,2
14.6436609152288,9.99999646130431,1.57079632680865,-425.361768139466,-99.999999999937,2
14.6636659164791,9.99999653357108,1.57079632680806,-425.161718196309,-99.9999999999397,2
14.6836709177294,9.99999660436203,1.5707963268075,-424.961668251736,-99.9999999999423,2
14.7036759189797,9.9999966737073,1.57079632680696,-424.761618305775,-99.9999999999447,2
14.7236809202301,9.99999674163641,1.57079632680644,-424.561568358456,-99.9999999999471,2
14.7436859214804,9.99999680817827,1.57079632680595,-424.361518409805,-99.9999999999494,2
14.7636909227307,9.99999687336124,1.57079632680548,-424.16146845985,-99.9999999999515,2
14.783695923981,9.99999693721304,1.57079632680502,-423.961418508618,-99.9999999999536,2
14.8037009252313,9.99999699976087,1.57079632680459,-423.761368556135,-99.9999999999556,2
14.8237059264816,9.99999706103136,1.57079632680418,-423.561318602426,-99.9999999999575,2
14.8437109277319,9.99999712105059,1.57079632680378,-423.361268647516,-99.9999999999593,2
14.8637159289822,9.99999717984411,1.5707963268034,-423.16121869143,-99.999999999961,2
14.8837209302326,9.99999723743696,1.57079632680304,-422.961168734192,-99.9999999999627,2
14.9037259314829,9.99999729385366,1.57079632680269,-422.761118775826,-99.9999999999643,2
14.9237309327332,9.99999734911822,1.57079632680236,-422.561068816353,-99.9999999999658,2
14.9437359339835,9.99999740325418,1.57079632680204,-422.361018855798,-99.9999999999673,2
14.9637409352338,9.99999745628458,1.57079632680173,-422.160968894182,-99.9999999999687,2
14.9837459364841,9.999997508232,1.57079632680144,-421.960918931527,-99.99999999997,2
15.0037509377344,9.99999755911856,1.57079632680116,-421.760868967854,-99.9999999999713,0
15.0237559389847,9.99999760896591,1.57079632680089,-421.560819003183,-99.9999999999725,0
15.0437609402351,9.9999976577953,1.57079632680064,-421.360769037536,-99.9999999999737,0
15.0637659414854,9.99999770562749,1.57079632680039,-421.160719070932,-99.9999999999748,0
15.0837709427357,9.99999775248286,1.57079632680016,-420.960669103391,-99.9999999999759,0
15.103775943986,9.99999779838136,1.57079632679993,-420.760619134931,-99.9999999999769,0
15.1237809452363,9.99999784334253,1.57079632679972,-420.560569165572,-99.9999999999779,0
15.1437859464866,9.9999978873855,1.57079632679951,-420.360519195332,-99.9999999999789,0
15.1637909477369,9.99999793052903,1.57079632679931,-420.160469224228,-99.9999999999798,0
15.1837959489872,9.9999979727915,1.57079632679913,-419.96041925228,-99.9999999999806,0
15.2038009502376,9.99999801419088,1.57079632679895,-419.760369279503,-99.9999999999815,0
15.2238059514879,9.99999805474481,1.57079632679877,-419.560319305914,-99.9999999999823,0
15.2438109527382,9.99999809447056,1.57079632679861,-419.360269331531,-99.999999999983,0
15.2638159539885,9.99999813338503,1.57079632679845,-419.16021935637,-99.9999999999837,0
15.2838209552388,9.99999817150479,1.5707963267983,-418.960169380446,-99.9999999999844,0
15.3038259564891,9.99999820884608,1.57079632679815,-418.760119403775,-99.9999999999851,0
15.3238309577394,9.99999824542479,1.57079632679801,-418.560069426372,-99.9999999999857,0
15.3438359589897,9.99999828125649,1.57079632679788,-418.360019448252,-99.9999999999863,0
15.3638409602401,9.99999831635644,1.57079632679775,-418.15996946943,-99.9999999999869,0
15.3838459614904,9.99999835073959,1.57079632679763,-417.959919489921,-99.9999999999875,0
15.4038509627407,9.99999838442057,1.57079632679751,-417.759869509737,-99.999999999988,0
15.423855963991,9.99999841741372,1.5707963267974,-417.559819528894,-99.9999999999885,0
15.4438609652413,9.99999844973308,1.57079632679729,-417.359769547404,-99.999999999989,0
15.4638659664916,9.99999848139243,1.57079632679719,-417.159719565281,-99.9999999999895,0
15.4838709677419,9.99999851240523,1.57079632679709,-416.959669582537,-99.9999999999899,0
15.5038759689922,9.9999985427847,1.570796326797,-416.759619599185,-99.9999999999904,0
15.5238809702426,9.99999857254375,1.57079632679691,-416.559569615239,-99.9999999999908,0
15.5438859714929,9.99999860169508,1.57079632679682,-416.359519630709,-99.9999999999912,0
15.5638909727432,9.99999863025108,1.57079632679674,-416.159469645607,-99.9999999999916,0
15.5838959739935,9.99999865822391,1.57079632679666,-415.959419659946,-99.9999999999919,0
15.6039009752438,9.99999868562548,1.57079632679659,-415.759369673737,-99.9999999999923,0
15.6239059764941,9.99999871246747,1.57079632679651,-415.559319686991,-99.9999999999926,0
15.6439109777444,9.99999873876129,1.57079632679644,-415.359269699719,-99.9999999999929,0
15.6639159789947,9.99999876451814,1.57079632679638,-415.159219711932,-99.9999999999932,0
15.6839209802451,9.99999878974899,1.57079632679631,-414.95916972364,-99.9999999999935,0
15.7039259814954,9.99999881446458,1.57079632679625,-414.759119734854,-99.9999999999938,0
15.7239309827457,9.99999883867543,1.5707963267962,-414.559069745583,-99.9999999999941,0
15.743935983996,9.99999886239184,1.57079632679614,-414.359019755838,-99.9999999999943,0
15.7639409852463,9.99999888562392,1.57079632679609,-414.158969765628,-99.9999999999945,0
15.7839459864966,9.99999890838156,1.57079632679604,-413.958919774962,-99.9999999999948,0
15.8039509877469,9.99999893067445,1.57079632679599,-413.758869783851,-99.999999999995,0
15.8239559889973,9.99999895251208,1.57079632679594,-413.558819792303,-99.9999999999952,0
15.8439609902476,9.99999897390374,1.5707963267959,-413.358769800327,-99.9999999999955,0
15.8639659914979,9.99999899485855,1.57079632679585,-413.158719807932,-99.9999999999956,0
15.8839709927482,9.99999901538541,1.57079632679581,-412.958669815126,-99.9999999999958,0
15.9039759939985,9.99999903549308,1.57079632679577,-412.758619821918,-99.999999999996,0
15.9239809952488,9.99999905519012,1.57079632679574,-412.558569828316,-99.9999999999961,0
15.9439859964991,9.9999990744849,1.5707963267957,-412.358519834327,-99.9999999999963,0
15.9639909977494,9.99999909338565,1.57079632679567,-412.158469839961,-99.9999999999965,0
15.9839959989998,9.99999911190041,1.57079632679563,-411.958419845224,-99.9999999999967,0
16.0040010002501,9.99999913003706,1.5707963267956,-411.758369850125,-99.9999999999968,0
16.0240060015004,9.99999914780333,1.57079632679557,-411.55831985467,-99.9999999999969,0
16.0440110027507,9.99999916520678,1.57079632679554,-411.358269858867,-99.999999999997,0
16.064016004001,9.99999918225482,1.57079632679551,-411.158219862723,-99.9999999999972,0
16.0840210052513,9.99999919895471,1.57079632679549,-410.958169866245,-99.9999999999973,0
16.1040260065016,9.99999921531355,1.57079632679546,-410.758119869439,-99.9999999999974,0
16.1240310077519,9.99999923133831,1.57079632679544,-410.558069872313,-99.9999999999975,0
16.1440360090022,9.99999924703582,1.57079632679542,-410.358019874873,-99.9999999999976,0
16.1640410102526,9.99999926241275,1.57079632679539,-410.157969877126,-99.9999999999977,0
16.1840460115029,9.99999927747566,1.57079632679537,-409.957919879077,-99.9999999999978,0
16.2040510127532,9.99999929223096,1.57079632679535,-409.757869880732,-99.999999999998,0
16.2240560140035,9.99999930668493,1.57079632679533,-409.557819882099,-99.9999999999981,0
16.2440610152538,9.99999932084372,1.57079632679531,-409.357769883182,-99.9999999999982,0
16.2640660165041,9.99999933471336,1.57079632679529,-409.157719883988,-99.9999999999982,0
16.2840710177544,9.99999934829976,1.57079632679528,-408.957669884522,-99.9999999999983,0
16.3040760190048,9.9999993616087,1.57079632679526,-408.75761988479,-99.9999999999983,0
16.3240810202551,9.99999937464584,1.57079632679525,-408.557569884797,-99.9999999999984,0
16.3440860215054,9.99999938741674,1.57079632679523,-408.357519884549,-99.9999999999984,0
16.3640910227557,9.99999939992684,1.57079632679522,-408.15746988405,-99.9999999999985,0
16.384096024006,9.99999941218145,1.5707963267952,-407.957419883307,-99.9999999999986,0
16.4041010252563,9.9999994241858,1.57079632679519,-407.757369882323,-99.9999999999986,0
16.4241060265066,9.99999943594501,1.57079632679518,-407.557319881103,-99.9999999999986,0
16.4441110277569,9.99999944746407,1.57079632679517,-407.357269879654,-99.9999999999987,0
16.4641160290073,9.99999945874789,1.57079632679516,-407.157219877978,-99.9999999999988,0
16.4841210302576,9.99999946980127,1.57079632679515,-406.957169876082,-99.9999999999988,0
16.5041260315079,9.99999948062892,1.57079632679514,-406.757119873969,-99.9999999999989,0
16.5241310327582,9.99999949123545,1.57079632679513,-406.557069871644,-99.9999999999989,0
16.5441360340085,9.99999950162537,1.57079632679512,-406.357019869111,-99.999999999999,0
16.5641410352588,9.99999951180312,1.57079632679511,-406.156969866374,-99.9999999999991,0
16.5841460365091,9.99999952177301,1.5707963267951,-405.956919863438,-99.9999999999991,0
16.6041510377594,9.9999995315393,1.57079632679509,-405.756869860306,-99.9999999999992,0
16.6241560390098,9.99999954110615,1.57079632679508,-405.556819856983,-99.9999999999992,0
16.6441610402601,9.99999955047762,1.57079632679507,-405.356769853473,-99.9999999999993,0
16.6641660415104,9.99999955965771,1.57079632679506,-405.156719849779,-99.9999999999993,0
16.6841710427607,9.99999956865033,1.57079632679505,-404.956669845905,-99.9999999999994,0
16.704176044011,9.99999957745929,1.57079632679504,-404.756619841854,-99.9999999999995,0
16.7241810452613,9.99999958608836,1.57079632679504,-404.556569837632,-99.9999999999995,0
16.7441860465116,9.99999959454121,1.57079632679503,-404.35651983324,-99.9999999999995,0
16.7641910477619,9.99999960282144,1.57079632679502,-404.156469828682,-99.9999999999995,0
16.7841960490123,9.99999961093257,1.57079632679501,-403.956419823962,-99.9999999999995,0
16.8042010502626,9.99999961887805,1.57079632679501,-403.756369819083,-99.9999999999995,0
16.8242060515129,9.99999962666128,1.570796326795,-403.556319814049,-99.9999999999995,0
16.8442110527632,9.99999963428555,1.570796326795,-403.356269808862,-99.9999999999995,0
16.8642160540135,9.99999964175413,1.570796326795,-403.156219803526,-99.9999999999995,0
16.8842210552638,9.99999964907018,1.57079632679499,-402.956169798043,-99.9999999999995,0
16.9042260565141,9.99999965623682,1.57079632679499,-402.756119792417,-99.9999999999995,0
16.9242310577644,9.99999966325711,1.57079632679499,-402.55606978665,-99.9999999999995,0
16.9442360590148,9.99999967013403,1.57079632679498,-402.356019780746,-99.9999999999995,0
16.9642410602651,9.99999967687051,1.57079632679498,-402.155969774707,-99.9999999999995,0
16.9842460615154,9.99999968346942,1.57079632679498,-401.955919768537,-99.9999999999995,0
17.0042510627657,9.99999968993357,1.57079632679498,-401.755869762236,-99.9999999999995,0
17.024256064016,9.9999996962657,1.57079632679498,-401.555819755809,-99.9999999999995,0
17.0442610652663,9.99999970246852,1.57079632679497,-401.355769749259,-99.9999999999995,0
17.0642660665166,9.99999970854467,1.57079632679497,-401.155719742586,-99.9999999999995,0
17.0842710677669,9.99999971449673,1.57079632679497,-400.955669735794,-99.9999999999995,0
17.1042760690173,9.99999972032724,1.57079632679497,-400.755619728886,-99.9999999999995,0
17.1242810702676,9.99999972603868,1.57079632679497,-400.555569721864,-99.9999999999995,0
17.1442860715179,9.99999973163348,1.57079632679497,-400.355519714729,-99.9999999999995,0
17.1642910727682,9.99999973711403,1.57079632679497,-400.155469707485,-99.9999999999995,0
17.1842960740185,9.99999974248265,1.57079632679497,-399.955419700134,-99.9999999999995,0
17.2043010752688,9.99999974774163,1.57079632679497,-399.755369692677,-99.9999999999995,0
17.2243060765191,9.99999975289322,1.57079632679497,-399.555319685117,-99.9999999999995,0
17.2443110777694,9.99999975793961,1.57079632679497,-399.355269677456,-99.9999999999995,0
17.2643160790198,9.99999976288294,1.57079632679497,-399.155219669697,-99.9999999999995,0
17.2843210802701,9.99999976772531,1.57079632679497,-398.955169661841,-99.9999999999995,0
17.3043260815204,9.99999977246879,1.57079632679497,-398.755119653889,-99.9999999999995,0
17.3243310827707,9.99999977711541,1.57079632679497,-398.555069645845,-99.9999999999995,0
17.344336084021,9.99999978166712,1.57079632679497,-398.355019637709,-99.9999999999995,0
17.3643410852713,9.99999978612589,1.57079632679497,-398.154969629485,-99.9999999999995,0
17.3843460865216,9.9999997904936,1.57079632679497,-397.954919621173,-99.9999999999995,0
17.4043510877719,9.99999979477211,1.57079632679497,-397.754869612776,-99.9999999999995,0
17.4243560890223,9.99999979896325,1.57079632679496,-397.554819604294,-99.9999999999995,0
17.4443610902726,9.99999980306879,1.57079632679496,-397.354769595731,-99.9999999999995,0
17.4643660915229,9.9999998070905,1.57079632679496,-397.154719587087,-99.9999999999995,0
17.4843710927732,9.99999981103007,1.57079632679496,-396.954669578364,-99.9999999999995,0
17.5043760940235,9.99999981488919,1.57079632679496,-396.754619569564,-99.9999999999995,0
17.5243810952738,9.9999998186695,1.57079632679496,-396.554569560689,-99.9999999999995,0
17.5443860965241,9.99999982237261,1.57079632679496,-396.354519551739,-99.9999999999995,0
17.5643910977744,9.9999998260001,1.57079632679496,-396.154469542717,-99.9999999999995,0
17.5843960990248,9.9999998295535,1.57079632679496,-395.954419533623,-99.9999999999995,0
17.6044011002751,9.99999983303434,1.57079632679496,-395.75436952446,-99.9999999999995,0
17.6244061015254,9.99999983644409,1.57079632679496,-395.554319515229,-99.9999999999995,0
17.6444111027757,9.99999983978421,1.57079632679496,-395.354269505931,-99.9999999999995,0
17.664416104026,9.99999984305612,1.57079632679496,-395.154219496568,-99.9999999999995,0
17.6844211052763,9.9999998462612,1.57079632679496,-394.95416948714,-99.9999999999995,0
17.7044261065266,9.99999984940083,1.57079632679496,-394.75411947765,-99.9999999999995,0
17.7244311077769,9.99999985247635,1.57079632679496,-394.554069468098,-99.9999999999995,0
17.7444361090273,9.99999985548906,1.57079632679496,-394.354019458486,-99.9999999999995,0
17.7644411102776,9.99999985844024,1.57079632679496,-394.153969448814,-99.9999999999995,0
17.7844461115279,9.99999986133116,1.57079632679496,-393.953919439085,-99.9999999999995,0
17.8044511127782,9.99999986416304,1.57079632679496,-393.7538694293,-99.9999999999995,0
17.8244561140285,9.99999986693708,1.57079632679496,-393.553819419458,-99.9999999999995,0
17.8444611152788,9.99999986965448,1.57079632679496,-393.353769409563,-99.9999999999995,0
17.8644661165291,9.99999987231637,1.57079632679496,-393.153719399614,-99.9999999999995,0
17.8844711177794,9.99999987492392,1.57079632679496,-392.953669389613,-99.9999999999995,0
17.9044761190298,9.99999987747821,1.57079632679496,-392.753619379561,-99.9999999999995,0
17.9244811202801,9.99999987998033,1.57079632679496,-392.553569369459,-99.9999999999995,0
17.9444861215304,9.99999988243135,1.57079632679496,-392.353519359308,-99.9999999999995,0
17.9644911227807,9.99999988483233,1.57079632679496,-392.153469349108,-99.9999999999995,0
17.984496124031,9.99999988718427,1.57079632679496,-391.953419338862,-99.9999999999995,0
18.0045011252813,9.99999988948817,1.57079632679496,-391.75336932857,-99.9999999999995,0
18.0245061265316,9.99999989174503,1.57079632679496,-391.553319318232,-99.9999999999995,0
18.0445111277819,9.9999998939558,1.57079632679496,-391.353269307851,-99.9999999999995,0
18.0645161290323,9.99999989612142,1.57079632679496,-391.153219297426,-99.9999999999995,0
18.0845211302826,9.99999989824282,1.57079632679496,-390.953169286958,-99.9999999999995,0
18.1045261315329,9.99999990032089,1.57079632679496,-390.753119276449,-99.9999999999995,0
18.1245311327832,9.99999990235652,1.57079632679496,-390.553069265899,-99.9999999999995,0
18.1445361340335,9.99999990435058,1.57079632679496,-390.35301925531,-99.9999999999995,0
18.1645411352838,9.99999990630392,1.57079632679496,-390.152969244681,-99.9999999999995,0
18.1845461365341,9.99999990821737,1.57079632679496,-389.952919234014,-99.9999999999995,0
18.2045511377844,9.99999991009174,1.57079632679496,-389.75286922331,-99.9999999999995,0
18.2245561390348,9.99999991192784,1.57079632679496,-389.552819212568,-99.9999999999995,0
18.2445611402851,9.99999991372643,1.57079632679496,-389.352769201791,-99.9999999999995,0
18.2645661415354,9.9999999154883,1.57079632679496,-389.152719190978,-99.9999999999995,0
18.2845711427857,9.99999991721418,1.57079632679496,-388.952669180131,-99.9999999999995,0
18.304576144036,9.99999991890482,1.57079632679496,-388.752619169251,-99.9999999999995,0
18.3245811452863,9.99999992056094,1.57079632679496,-388.552569158337,-99.9999999999995,0
18.3445861465366,9.99999992218324,1.57079632679496,-388.35251914739,-99.9999999999995,0
18.3645911477869,9.9999999237724,1.57079632679496,-388.152469136412,-99.9999999999995,0
18.3845961490373,9.99999992532911,1.57079632679496,-387.952419125403,-99.9999999999995,0
18.4046011502876,9.99999992685403,1.57079632679496,-387.752369114363,-99.9999999999995,0
18.4246061515379,9.99999992834781,1.57079632679496,-387.552319103293,-99.9999999999995,0
18.4446111527882,9.99999992981108,1.57079632679496,-387.352269092194,-99.9999999999995,0
18.4646161540385,9.99999993124447,1.57079632679496,-387.152219081067,-99.9999999999995,0
18.4846211552888,9.99999993264859,1.57079632679496,-386.952169069911,-99.9999999999995,0
18.5046261565391,9.99999993402403,1.57079632679496,-386.752119058728,-99.9999999999995,0
18.5246311577894,9.99999993537139,1.57079632679496,-386.552069047518,-99.9999999999995,0
18.5446361590398,9.99999993669122,1.57079632679496,-386.352019036281,-99.9999999999995,0
18.5646411602901,9.9999999379841,1.57079632679496,-386.151969025018,-99.9999999999995,0
18.5846461615404,9.99999993925059,1.57079632679496,-385.951919013731,-99.9999999999995,0
18.6046511627907,9.9999999404912,1.57079632679496,-385.751869002418,-99.9999999999995,0
18.624656164041,9.99999994170648,1.57079632679496,-385.551818991081,-99.9999999999995,0
18.6446611652913,9.99999994289694,1.57079632679496,-385.35176897972,-99.9999999999995,0
18.6646661665416,9.99999994406309,1.57079632679496,-385.151718968336,-99.9999999999995,0
18.6846711677919,9.99999994520542,1.57079632679496,-384.951668956929,-99.9999999999995,0
18.7046761690423,9.99999994632443,1.57079632679496,-384.7516189455,-99.9999999999995,0
18.7246811702926,9.99999994742059,1.57079632679496,-384.551568934048,-99.9999999999995,0
18.7446861715429,9.99999994849436,1.57079632679496,-384.351518922575,-99.9999999999995,0
18.7646911727932,9.9999999495462,1.57079632679496,-384.151468911082,-99.9999999999995,0
18.7846961740435,9.99999995057656,1.57079632679496,-383.951418899567,-99.9999999999995,0
18.8047011752938,9.99999995158588,1.57079632679496,-383.751368888033,-99.9999999999995,0
18.8247061765441,9.99999995257459,1.57079632679496,-383.551318876478,-99.9999999999995,0
18.8447111777944,9.9999999535431,1.57079632679496,-383.351268864904,-99.9999999999995,0
18.8647161790448,9.99999995449184,1.57079632679496,-383.151218853312,-99.9999999999995,0
18.8847211802951,9.9999999554212,1.57079632679496,-382.9511688417,-99.9999999999995,0
18.9047261815454,9.99999995633158,1.57079632679496,-382.751118830071,-99.9999999999995,0
18.9247311827957,9.99999995722338,1.57079632679496,-382.551068818423,-99.9999999999995,0
18.944736184046,9.99999995809696,1.57079632679496,-382.351018806759,-99.9999999999995,0
18.9647411852963,9.9999999589527,1.57079632679496,-382.150968795076,-99.9999999999995,0
18.9847461865466,9.99999995979096,1.57079632679496,-381.950918783378,-99.9999999999995,0
19.0047511877969,9.99999996061211,1.57079632679496,-381.750868771663,-99.9999999999995,0
19.0247561890473,9.99999996141648,1.57079632679496,-381.550818759931,-99.9999999999995,0
19.0447611902976,9.99999996220442,1.57079632679496,-381.350768748184,-99.9999999999995,0
19.0647661915479,9.99999996297628,1.57079632679496,-381.150718736422,-99.9999999999995,0
19.0847711927982,9.99999996373238,1.57079632679496,-380.950668724644,-99.9999999999995,0
19.1047761940485,9.99999996447303,1.57079632679496,-380.750618712852,-99.9999999999995,0
19.1247811952988,9.99999996519856,1.57079632679496,-380.550568701045,-99.9999999999995,0
19.1447861965491,9.99999996590927,1.57079632679496,-380.350518689224,-99.9999999999995,0
19.1647911977994,9.99999996660546,1.57079632679496,-380.150468677389,-99.9999999999995,0
19.1847961990498,9.99999996728744,1.57079632679496,-379.95041866554,-99.9999999999995,0
19.2048012003001,9.99999996795549,1.57079632679496,-379.750368653678,-99.9999999999995,0
19.2248062015504,9.9999999686099,1.57079632679496,-379.550318641803,-99.9999999999995,0
19.2448112028007,9.99999996925095,1.57079632679496,-379.350268629915,-99.9999999999995,0
19.264816204051,9.99999996987891,1.57079632679496,-379.150218618014,-99.9999999999995,0
19.2848212053013,9.99999997049403,1.57079632679496,-378.950168606101,-99.9999999999995,0
19.3048262065516,9.9999999710966,1.57079632679496,-378.750118594177,-99.9999999999995,0
19.3248312078019,9.99999997168686,1.57079632679496,-378.55006858224,-99.9999999999995,0
19.3448362090523,9.99999997226507,1.57079632679496,-378.350018570292,-99.9999999999995,0
19.3648412103026,9.99999997283147,1.57079632679496,-378.149968558332,-99.9999999999995,0
19.3848462115529,9.9999999733863,1.57079632679496,-377.949918546361,-99.9999999999995,0
19.4048512128032,9.9999999739298,1.57079632679496,-377.74986853438,-99.9999999999995,0
19.4248562140535,9.9999999744622,1.57079632679496,-377.549818522388,-99.9999999999995,0
19.4448612153038,9.99999997498373,1.57079632679496,-377.349768510385,-99.9999999999995,0
19.4648662165541,9.99999997549461,1.57079632679496,-377.149718498372,-99.9999999999995,0
19.4848712178045,9.99999997599506,1.57079632679496,-376.949668486349,-99.9999999999995,0
19.5048762190548,9.99999997648528,1.57079632679496,-376.749618474316,-99.9999999999995,0
19.5248812203051,9.9999999769655,1.57079632679496,-376.549568462274,-99.9999999999995,0
19.5448862215554,9.99999997743591,1.57079632679496,-376.349518450222,-99.9999999999995,0
19.5648912228057,9.99999997789671,1.57079632679496,-376.149468438161,-99.9999999999995,0
19.584896224056,9.9999999783481,1.57079632679496,-375.949418426091,-99.9999999999995,0
19.6049012253063,9.99999997879027,1.57079632679496,-375.749368414012,-99.9999999999995,0
19.6249062265566,9.99999997922341,1.57079632679496,-375.549318401925,-99.9999999999995,0
19.644911227807,9.99999997964771,1.57079632679496,-375.349268389829,-99.9999999999995,0
19.6649162290573,9.99999998006334,1.57079632679496,-375.149218377724,-99.9999999999995,0
19.6849212303076,9.99999998047048,1.57079632679496,-374.949168365612,-99.9999999999995,0
19.7049262315579,9.99999998086931,1.57079632679496,-374.749118353492,-99.9999999999995,0
19.7249312328082,9.99999998125999,1.57079632679496,-374.549068341363,-99.9999999999995,0
19.7449362340585,9.99999998164269,1.57079632679496,-374.349018329227,-99.9999999999995,0
19.7649412353088,9.99999998201758,1.57079632679496,-374.148968317084,-99.9999999999995,0
19.7849462365591,9.99999998238482,1.57079632679496,-373.948918304933,-99.9999999999995,0
19.8049512378095,9.99999998274456,1.57079632679496,-373.748868292776,-99.9999999999995,0
19.8249562390598,9.99999998309695,1.57079632679496,-373.548818280611,-99.9999999999995,0
19.8449612403101,9.99999998344214,1.57079632679496,-373.348768268439,-99.9999999999995,0
19.8649662415604,9.99999998378028,1.57079632679496,-373.14871825626,-99.9999999999995,0
19.8849712428107,9.99999998411151,1.57079632679496,-372.948668244075,-99.9999999999995,0
19.904976244061,9.99999998443598,1.57079632679496,-372.748618231883,-99.9999999999995,0
19.9249812453113,9.99999998475383,1.57079632679496,-372.548568219685,-99.9999999999995,0
19.9449862465616,9.99999998506518,1.57079632679496,-372.348518207481,-99.9999999999995,0
19.964991247812,9.99999998537018,1.57079632679496,-372.14846819527,-99.9999999999995,0
19.9849962490623,9.99999998566894,1.57079632679496,-371.948418183054,-99.9999999999995,0
20.0050012503126,9.99999998596161,1.57079632679496,-371.748368170831,-99.9999999999995,2
20.0250062515629,9.9999999862483,1.57079632679496,-371.548318158603,-99.9999999999995,2
20.0450112528132,9.99999998652913,1.57079632679496,-371.34826814637,-99.9999999999995,2
20.0650162540635,9.99999998680423,1.57079632679496,-371.148218134131,-99.9999999999995,2
20.0850212553138,9.99999998707371,1.57079632679496,-370.948168121886,-99.9999999999995,2
20.1050262565641,9.99999998733769,1.57079632679496,-370.748118109636,-99.9999999999995,2
20.1250312578145,9.99999998759628,1.57079632679496,-370.548068097381,-99.9999999999995,2
20.1450362590648,9.99999998784959,1.57079632679496,-370.348018085121,-99.9999999999995,2
20.1650412603151,9.99999998809773,1.57079632679496,-370.147968072856,-99.9999999999995,2
20.1850462615654,9.99999998834079,1.57079632679496,-369.947918060586,-99.9999999999995,2
20.2050512628157,9.99999998857889,1.57079632679496,-369.747868048312,-99.9999999999995,2
20.225056264066,9.99999998881214,1.57079632679496,-369.547818036032,-99.9999999999995,2
20.2450612653163,9.99999998904061,1.57079632679496,-369.347768023748,-99.9999999999995,2
20.2650662665666,9.99999998926442,1.57079632679496,-369.14771801146,-99.9999999999995,2
20.285071267817,9.99999998948366,1.57079632679496,-368.947667999167,-99.9999999999995,2
20.3050762690673,9.99999998969842,1.57079632679496,-368.74761798687,-99.9999999999995,2
20.3250812703176,9.9999999899088,1.57079632679496,-368.547567974569,-99.9999999999995,2
20.3450862715679,9.99999999011488,1.57079632679496,-368.347517962263,-99.9999999999995,2
20.3650912728182,9.99999999031675,1.57079632679496,-368.147467949954,-99.9999999999995,2
20.3850962740685,9.9999999905145,1.57079632679496,-367.94741793764,-99.9999999999995,2
20.4051012753188,9.9999999907082,1.57079632679496,-367.747367925323,-99.9999999999995,2
20.4251062765691,9.99999999089796,1.57079632679496,-367.547317913002,-99.9999999999995,2
20.4451112778195,9.99999999108384,1.57079632679496,-367.347267900678,-99.9999999999995,2
20.4651162790698,9.99999999126593,1.57079632679496,-367.147217888349,-99.9999999999995,2
20.4851212803201,9.99999999144429,1.57079632679496,-366.947167876017,-99.9999999999995,2
20.5051262815704,9.99999999161901,1.57079632679496,-366.747117863682,-99.9999999999995,2
20.5251312828207,9.99999999179017,1.57079632679496,-366.547067851343,-99.9999999999995,2
20.545136284071,9.99999999195782,1.57079632679496,-366.347017839,-99.9999999999995,2
20.5651412853213,9.99999999212206,1.57079632679496,-366.146967826655,-99.9999999999995,2
20.5851462865716,9.99999999228294,1.57079632679496,-365.946917814306,-99.9999999999995,2
20.605151287822,9.99999999244053,1.57079632679496,-365.746867801954,-99.9999999999995,2
20.6251562890723,9.99999999259491,1.57079632679496,-365.546817789599,-99.9999999999995,2
20.6451612903226,9.99999999274613,1.57079632679496,-365.346767777241,-99.9999999999995,2
20.6651662915729,9.99999999289427,1.57079632679496,-365.146717764881,-99.9999999999995,2
20.6851712928232,9.99999999303938,1.57079632679496,-364.946667752517,-99.9999999999995,2
20.7051762940735,9.99999999318153,1.57079632679496,-364.74661774015,-99.9999999999995,2
20.7251812953238,9.99999999332078,1.57079632679496,-364.546567727781,-99.9999999999995,2
20.7451862965741,9.99999999345718,1.57079632679496,-364.346517715408,-99.9999999999995,2
20.7651912978245,9.99999999359079,1.57079632679496,-364.146467703033,-99.9999999999995,2
20.7851962990748,9.99999999372168,1.57079632679496,-363.946417690656,-99.9999999999995,2
20.8052013003251,9.99999999384989,1.57079632679496,-363.746367678276,-99.9999999999995,2
20.8252063015754,9.99999999397548,1.57079632679496,-363.546317665893,-99.9999999999995,2
20.8452113028257,9.99999999409851,1.57079632679496,-363.346267653508,-99.9999999999995,2
20.865216304076,9.99999999421903,1.57079632679496,-363.146217641121,-99.9999999999995,2
20.8852213053263,9.99999999433709,1.57079632679496,-362.946167628731,-99.9999999999995,2
20.9052263065766,9.99999999445274,1.57079632679496,-362.746117616339,-99.9999999999995,2
20.925231307827,9.99999999456602,1.57079632679496,-362.546067603944,-99.9999999999995,2
20.9452363090773,9.99999999467699,1.57079632679496,-362.346017591548,-99.9999999999995,2
20.9652413103276,9.9999999947857,1.57079632679496,-362.145967579149,-99.9999999999995,2
20.9852463115779,9.99999999489218,1.57079632679496,-361.945917566748,-99.9999999999995,2
21.0052513128282,9.99999999499649,1.57079632679496,-361.745867554345,-99.9999999999995,2
21.0252563140785,9.99999999509868,1.57079632679496,-361.54581754194,-99.9999999999995,2
21.0452613153288,9.99999999519877,1.57079632679496,-361.345767529533,-99.9999999999995,2
21.0652663165791,9.99999999529682,1.57079632679496,-361.145717517124,-99.9999999999995,2
21.0852713178295,9.99999999539287,1.57079632679496,-360.945667504713,-99.9999999999995,2
21.1052763190798,9.99999999548695,1.57079632679496,-360.7456174923,-99.9999999999995,2
21.1252813203301,9.99999999557912,1.57079632679496,-360.545567479885,-99.9999999999995,2
21.1452863215804,9.9999999956694,1.57079632679496,-360.345517467469,-99.9999999999995,2
21.1652913228307,9.99999999575784,1.57079632679496,-360.14546745505,-99.9999999999995,2
21.185296324081,9.99999999584447,1.57079632679496,-359.94541744263,-99.9999999999995,2
21.2053013253313,9.99999999592933,1.57079632679496,-359.745367430209,-99.9999999999995,2
21.2253063265816,9.99999999601246,1.57079632679496,-359.545317417785,-99.9999999999995,2
21.245311327832,9.99999999609389,1.57079632679496,-359.345267405361,-99.9999999999995,2
21.2653163290823,9.99999999617366,1.57079632679496,-359.145217392934,-99.9999999999995,2
21.2853213303326,9.99999999625181,1.57079632679496,-358.945167380506,-99.9999999999995,2
21.3053263315829,9.99999999632835,1.57079632679496,-358.745117368076,-99.9999999999995,2
21.3253313328332,9.99999999640334,1.57079632679496,-358.545067355645,-99.9999999999995,2
21.3453363340835,9.99999999647678,1.57079632679496,-358.345017343212,-99.9999999999995,2
21.3653413353338,9.99999999654873,1.57079632679496,-358.144967330778,-99.9999999999995,2
21.3853463365841,9.99999999661921,1.57079632679496,-357.944917318343,-99.9999999999995,2
21.4053513378345,9.99999999668826,1.57079632679496,-357.744867305906,-99.9999999999995,2
21.4253563390848,9.99999999675589,1.57079632679496,-357.544817293467,-99.9999999999995,2
21.4453613403351,9.99999999682214,1.57079632679496,-357.344767281028,-99.9999999999995,2
21.4653663415854,9.99999999688704,1.57079632679496,-357.144717268587,-99.9999999999995,2
21.4853713428357,9.99999999695061,1.57079632679496,-356.944667256145,-99.9999999999995,2
21.505376344086,9.99999999701288,1.57079632679496,-356.744617243702,-99.9999999999995,2
21.5253813453363,9.99999999707389,1.57079632679496,-356.544567231257,-99.9999999999995,2
21.5453863465866,9.99999999713364,1.57079632679496,-356.344517218811,-99.9999999999995,2
21.565391347837,9.99999999719218,1.57079632679496,-356.144467206364,-99.9999999999995,2
21.5853963490873,9.99999999724952,1.57079632679496,-355.944417193916,-99.9999999999995,2
21.6054013503376,9.99999999730569,1.57079632679496,-355.744367181467,-99.9999999999995,2
21.6254063515879,9.99999999736072,1.57079632679496,-355.544317169017,-99.9999999999995,2
21.6454113528382,9.99999999741462,1.57079632679496,-355.344267156565,-99.9999999999995,2
21.6654163540885,9.99999999746741,1.57079632679496,-355.144217144113,-99.9999999999995,2
21.6854213553388,9.99999999751914,1.57079632679496,-354.94416713166,-99.9999999999995,2
21.7054263565891,9.9999999975698,1.57079632679496,-354.744117119205,-99.9999999999995,2
21.7254313578395,9.99999999761943,1.57079632679496,-354.544067106749,-99.9999999999995,2
21.7454363590898,9.99999999766805,1.57079632679496,-354.344017094293,-99.9999999999995,2
21.7654413603401,9.99999999771567,1.57079632679496,-354.143967081836,-99.9999999999995,2
21.7854463615904,9.99999999776232,1.57079632679496,-353.943917069377,-99.9999999999995,2
21.8054513628407,9.99999999780802,1.57079632679496,-353.743867056918,-99.9999999999995,2
21.825456364091,9.99999999785278,1.57079632679496,-353.543817044458,-99.9999999999995,2
21.8454613653413,9.99999999789663,1.57079632679496,-353.343767031996,-99.9999999999995,2
21.8654663665916,9.99999999793959,1.57079632679496,-353.143717019535,-99.9999999999995,2
21.885471367842,9.99999999798167,1.57079632679496,-352.943667007072,-99.9999999999995,2
21.9054763690923,9.99999999802289,1.57079632679496,-352.743616994608,-99.9999999999995,2
21.9254813703426,9.99999999806326,1.57079632679496,-352.543566982144,-99.9999999999995,2
21.9454863715929,9.99999999810281,1.57079632679496,-352.343516969679,-99.9999999999995,2
21.9654913728432,9.99999999814155,1.57079632679496,-352.143466957213,-99.9999999999995,2
21.9854963740935,9.99999999817951,1.57079632679496,-351.943416944746,-99.9999999999995,2
22.0055013753438,9.99999999821669,1.57079632679496,-351.743366932279,-99.9999999999995,2
22.0255063765941,9.9999999982531,1.57079632679496,-351.543316919811,-99.9999999999995,2
22.0455113778445,9.99999999828878,1.57079632679496,-351.343266907342,-99.9999999999995,2
22.0655163790948,9.99999999832373,1.57079632679496,-351.143216894872,-99.9999999999995,2
22.0855213803451,9.99999999835796,1.57079632679496,-350.943166882402,-99.9999999999995,2
22.1055263815954,9.99999999839149,1.57079632679496,-350.743116869931,-99.9999999999995,2
22.1255313828457,9.99999999842434,1.57079632679496,-350.543066857459,-99.9999999999995,2
22.145536384096,9.99999999845652,1.57079632679496,-350.343016844987,-99.9999999999995,2
22.1655413853463,9.99999999848804,1.57079632679496,-350.142966832514,-99.9999999999995,2
22.1855463865966,9.99999999851891,1.57079632679496,-349.942916820041,-99.9999999999995,2
22.205551387847,9.99999999854916,1.57079632679496,-349.742866807567,-99.9999999999995,2
22.2255563890973,9.99999999857879,1.57079632679496,-349.542816795092,-99.9999999999995,2
22.2455613903476,9.99999999860781,1.57079632679496,-349.342766782617,-99.9999999999995,2
22.2655663915979,9.99999999863624,1.57079632679496,-349.142716770141,-99.9999999999995,2
22.2855713928482,9.99999999866409,1.57079632679496,-348.942666757664,-99.9999999999995,2
22.3055763940985,9.99999999869138,1.57079632679496,-348.742616745187,-99.9999999999995,2
22.3255813953488,9.99999999871811,1.57079632679496,-348.54256673271,-99.9999999999995,2
22.3455863965991,9.99999999874429,1.57079632679496,-348.342516720232,-99.9999999999995,2
22.3655913978495,9.99999999876993,1.57079632679496,-348.142466707753,-99.9999999999995,2
22.3855963990998,9.99999999879505,1.57079632679496,-347.942416695274,-99.9999999999995,2
22.4056014003501,9.99999999881966,1.57079632679496,-347.742366682795,-99.9999999999995,2
22.4256064016004,9.99999999884376,1.57079632679496,-347.542316670315,-99.9999999999995,2
22.4456114028507,9.99999999886737,1.57079632679496,-347.342266657834,-99.9999999999995,2
22.465616404101,9.9999999988905,1.57079632679496,-347.142216645353,-99.9999999999995,2
22.4856214053513,9.99999999891316,1.57079632679496,-346.942166632872,-99.9999999999995,2
22.5056264066016,9.99999999893535,1.57079632679496,-346.74211662039,-99.9999999999995,2
22.525631407852,9.99999999895709,1.57079632679496,-346.542066607907,-99.9999999999995,2
22.5456364091023,9.99999999897839,1.57079632679496,-346.342016595425,-99.9999999999995,2
22.5656414103526,9.99999999899925,1.57079632679496,-346.141966582942,-99.9999999999995,2
22.5856464116029,9.99999999901969,1.57079632679496,-345.941916570458,-99.9999999999995,2
22.6056514128532,9.99999999903971,1.57079632679496,-345.741866557974,-99.9999999999995,2
22.6256564141035,9.99999999905932,1.57079632679496,-345.54181654549,-99.9999999999995,2
22.6456614153538,9.99999999907853,1.57079632679496,-345.341766533005,-99.9999999999995,2
22.6656664166042,9.99999999909735,1.57079632679496,-345.14171652052,-99.9999999999995,2
22.6856714178545,9.99999999911578,1.57079632679496,-344.941666508035,-99.9999999999995,2
22.7056764191048,9.99999999913384,1.57079632679496,-344.741616495549,-99.9999999999995,2
22.7256814203551,9.99999999915153,1.57079632679496,-344.541566483063,-99.9999999999995,2
22.7456864216054,9.99999999916885,1.57079632679496,-344.341516470576,-99.9999999999995,2
22.7656914228557,9.99999999918582,1.57079632679496,-344.141466458089,-99.9999999999995,2
22.785696424106,9.99999999920245,1.57079632679496,-343.941416445602,-99.9999999999995,2
22.8057014253563,9.99999999921874,1.57079632679496,-343.741366433115,-99.9999999999995,2
22.8257064266067,9.99999999923469,1.57079632679496,-343.541316420627,-99.9999999999995,2
22.845711427857,9.99999999925032,1.57079632679496,-343.341266408139,-99.9999999999995,2
22.8657164291073,9.99999999926563,1.57079632679496,-343.14121639565,-99.9999999999995,2
22.8857214303576,9.99999999928063,1.57079632679496,-342.941166383162,-99.9999999999995,2
22.9057264316079,9.99999999929532,1.57079632679496,-342.741116370673,-99.9999999999995,2
22.9257314328582,9.99999999930972,1.57079632679496,-342.541066358183,-99.9999999999995,2
22.9457364341085,9.99999999932381,1.57079632679496,-342.341016345694,-99.9999999999995,2
22.9657414353588,9.99999999933762,1.57079632679496,-342.140966333204,-99.9999999999995,2
22.9857464366092,9.99999999935115,1.57079632679496,-341.940916320714,-99.9999999999995,2
23.0057514378595,9.9999999993644,1.57079632679496,-341.740866308223,-99.9999999999995,2
23.0257564391098,9.99999999937738,1.57079632679496,-341.540816295733,-99.9999999999995,2
23.0457614403601,9.99999999939009,1.57079632679496,-341.340766283242,-99.9999999999995,2
23.0657664416104,9.99999999940255,1.57079632679496,-341.140716270751,-99.9999999999995,2
23.0857714428607,9.99999999941475,1.57079632679496,-340.940666258259,-99.9999999999995,2
23.105776444111,9.99999999942671,1.57079632679496,-340.740616245767,-99.9999999999995,2
23.1257814453613,9.99999999943841,1.57079632679496,-340.540566233276,-99.9999999999995,2
23.1457864466117,9.99999999944988,1.57079632679496,-340.340516220784,-99.9999999999995,2
23.165791447862,9.99999999946111,1.57079632679496,-340.140466208291,-99.9999999999995,2
23.1857964491123,9.99999999947212,1.57079632679496,-339.940416195799,-99.9999999999995,2
23.2058014503626,9.9999999994829,1.57079632679496,-339.740366183306,-99.9999999999995,2
23.2258064516129,9.99999999949346,1.57079632679496,-339.540316170813,-99.9999999999995,2
23.2458114528632,9.99999999950381,1.57079632679496,-339.34026615832,-99.9999999999995,2
23.2658164541135,9.99999999951394,1.57079632679496,-339.140216145826,-99.9999999999995,2
23.2858214553638,9.99999999952387,1.57079632679496,-338.940166133333,-99.9999999999995,2
23.3058264566142,9.99999999953359,1.57079632679496,-338.740116120839,-99.9999999999995,2
23.3258314578645,9.99999999954311,1.57079632679496,-338.540066108345,-99.9999999999995,2
23.3458364591148,9.99999999955244,1.57079632679496,-338.340016095851,-99.9999999999995,2
23.3658414603651,9.99999999956158,1.57079632679496,-338.139966083356,-99.9999999999995,2
23.3858464616154,9.99999999957054,1.57079632679496,-337.939916070862,-99.9999999999995,2
23.4058514628657,9.9999999995793,1.57079632679496,-337.739866058367,-99.9999999999995,2
23.425856464116,9.99999999958789,1.57079632679496,-337.539816045872,-99.9999999999995,2
23.4458614653663,9.99999999959631,1.57079632679496,-337.339766033377,-99.9999999999995,2
23.4658664666167,9.99999999960455,1.57079632679496,-337.139716020882,-99.9999999999995,2
23.485871467867,9.99999999961263,1.57079632679496,-336.939666008386,-99.9999999999995,2
23.5058764691173,9.99999999962054,1.57079632679496,-336.739615995891,-99.9999999999995,2
23.5258814703676,9.99999999962829,1.57079632679496,-336.539565983395,-99.9999999999995,2
23.5458864716179,9.99999999963589,1.57079632679496,-336.339515970899,-99.9999999999995,2
23.5658914728682,9.99999999964332,1.57079632679496,-336.139465958403,-99.9999999999995,2
23.5858964741185,9.99999999965061,1.57079632679496,-335.939415945907,-99.9999999999995,2
23.6059014753688,9.99999999965774,1.57079632679496,-335.739365933411,-99.9999999999995,2
23.6259064766192,9.99999999966473,1.57079632679496,-335.539315920914,-99.9999999999995,2
23.6459114778695,9.99999999967157,1.57079632679496,-335.339265908418,-99.9999999999995,2
23.6659164791198,9.99999999967828,1.57079632679496,-335.139215895921,-99.9999999999995,2
23.6859214803701,9.99999999968485,1.57079632679496,-334.939165883424,-99.9999999999995,2
23.7059264816204,9.99999999969128,1.57079632679496,-334.739115870927,-99.9999999999995,2
23.7259314828707,9.99999999969758,1.57079632679496,-334.53906585843,-99.9999999999995,2
23.745936484121,9.99999999970376,1.57079632679496,-334.339015845933,-99.9999999999995,2
23.7659414853713,9.99999999970981,1.57079632679496,-334.138965833436,-99.9999999999995,2
23.7859464866217,9.99999999971573,1.57079632679496,-333.938915820938,-99.9999999999995,2
23.805951487872,9.99999999972154,1.57079632679496,-333.738865808441,-99.9999999999995,2
23.8259564891223,9.99999999972723,1.57079632679496,-333.538815795943,-99.9999999999995,2
23.8459614903726,9.9999999997328,1.57079632679496,-333.338765783445,-99.9999999999995,2
23.8659664916229,9.99999999973825,1.57079632679496,-333.138715770947,-99.9999999999995,2
23.8859714928732,9.9999999997436,1.57079632679496,-332.938665758449,-99.9999999999995,2
23.9059764941235,9.99999999974883,1.57079632679496,-332.738615745951,-99.9999999999995,2
23.9259814953738,9.99999999975396,1.57079632679496,-332.538565733453,-99.9999999999995,2
23.9459864966242,9.99999999975898,1.57079632679496,-332.338515720955,-99.9999999999995,2
23.9659914978745,9.99999999976391,1.57079632679496,-332.138465708456,-99.9999999999995,2
23.9859964991248,9.99999999976873,1.57079632679496,-331.938415695958,-99.9999999999995,2
24.0060015003751,9.99999999977346,1.57079632679496,-331.738365683459,-99.9999999999995,2
24.0260065016254,9.99999999977809,1.57079632679496,-331.53831567096,-99.9999999999995,2
24.0460115028757,9.99999999978262,1.57079632679496,-331.338265658462,-99.9999999999995,2
24.066016504126,9.99999999978706,1.57079632679496,-331.138215645963,-99.9999999999995,2
24.0860215053763,9.99999999979141,1.57079632679496,-330.938165633464,-99.9999999999995,2
24.1060265066267,9.99999999979567,1.57079632679496,-330.738115620965,-99.9999999999995,2
24.126031507877,9.99999999979984,1.57079632679496,-330.538065608466,-99.9999999999995,2
24.1460365091273,9.99999999980393,1.57079632679496,-330.338015595967,-99.9999999999995,2
24.1660415103776,9.99999999980793,1.57079632679496,-330.137965583467,-99.9999999999995,2
24.1860465116279,9.99999999981186,1.57079632679496,-329.937915570968,-99.9999999999995,2
24.2060515128782,9.9999999998157,1.57079632679496,-329.737865558469,-99.9999999999995,2
24.2260565141285,9.99999999981946,1.57079632679496,-329.537815545969,-99.9999999999995,2
24.2460615153788,9.99999999982315,1.57079632679496,-329.33776553347,-99.9999999999995,2
24.2660665166292,9.99999999982676,1.57079632679496,-329.13771552097,-99.9999999999995,2
24.2860715178795,9.9999999998303,1.57079632679496,-328.93766550847,-99.9999999999995,2
24.3060765191298,9.99999999983377,1.57079632679496,-328.73761549597,-99.9999999999995,2
24.3260815203801,9.99999999983716,1.57079632679496,-328.537565483471,-99.9999999999995,2
24.3460865216304,9.99999999984049,1.57079632679496,-328.337515470971,-99.9999999999995,2
24.3660915228807,9.99999999984375,1.57079632679496,-328.137465458471,-99.9999999999995,2
24.386096524131,9.99999999984694,1.57079632679496,-327.93741544597,-99.9999999999995,2
24.4061015253813,9.99999999985007,1.57079632679496,-327.73736543347,-99.9999999999995,2
24.4261065266317,9.99999999985313,1.57079632679496,-327.53731542097,-99.9999999999995,2
24.446111527882,9.99999999985613,1.57079632679496,-327.33726540847,-99.9999999999995,2
24.4661165291323,9.99999999985907,1.57079632679496,-327.13721539597,-99.9999999999995,2
24.4861215303826,9.99999999986195,1.57079632679496,-326.937165383469,-99.9999999999995,2
24.5061265316329,9.99999999986476,1.57079632679496,-326.737115370969,-99.9999999999995,2
24.5261315328832,9.99999999986753,1.57079632679496,-326.537065358468,-99.9999999999995,2
24.5461365341335,9.99999999987023,1.57079632679496,-326.337015345968,-99.9999999999995,2
24.5661415353838,9.99999999987288,1.57079632679496,-326.136965333467,-99.9999999999995,2
24.5861465366342,9.99999999987548,1.57079632679496,-325.936915320966,-99.9999999999995,2
24.6061515378845,9.99999999987802,1.57079632679496,-325.736865308466,-99.9999999999995,2
24.6261565391348,9.99999999988052,1.57079632679496,-325.536815295965,-99.9999999999995,2
24.6461615403851,9.99999999988296,1.57079632679496,-325.336765283464,-99.9999999999995,2
24.6661665416354,9.99999999988535,1.57079632679496,-325.136715270963,-99.9999999999995,2
24.6861715428857,9.99999999988769,1.57079632679496,-324.936665258463,-99.9999999999995,2
24.706176544136,9.99999999988998,1.57079632679496,-324.736615245962,-99.9999999999995,2
24.7261815453863,9.99999999989223,1.57079632679496,-324.536565233461,-99.9999999999995,2
24.7461865466367,9.99999999989443,1.57079632679496,-324.33651522096,-99.9999999999995,2
24.766191547887,9.99999999989659,1.57079632679496,-324.136465208459,-99.9999999999995,2
24.7861965491373,9.9999999998987,1.57079632679496,-323.936415195958,-99.9999999999995,2
24.8062015503876,9.99999999990077,1.57079632679496,-323.736365183456,-99.9999999999995,2
24.8262065516379,9.99999999990279,1.57079632679496,-323.536315170955,-99.9999999999995,2
24.8462115528882,9.99999999990478,1.57079632679496,-323.336265158454,-99.9999999999995,2
24.8662165541385,9.99999999990672,1.57079632679496,-323.136215145953,-99.9999999999995,2
24.8862215553888,9.99999999990863,1.57079632679496,-322.936165133451,-99.9999999999995,2
24.9062265566392,9.99999999991049,1.57079632679496,-322.73611512095,-99.9999999999995,2
24.9262315578895,9.99999999991232,1.57079632679496,-322.536065108449,-99.9999999999995,2
24.9462365591398,9.99999999991412,1.57079632679496,-322.336015095947,-99.9999999999995,2
24.9662415603901,9.99999999991587,1.57079632679496,-322.135965083446,-99.9999999999995,2
24.9862465616404,9.99999999991758,1.57079632679496,-321.935915070944,-99.9999999999995,2
25.0062515628907,9.99999999991926,1.57079632679496,-321.735865058443,-99.9999999999995,0
25.026256564141,9.99999999992091,1.57079632679496,-321.535815045941,-99.9999999999995,0
25.0462615653913,9.99999999992253,1.57079632679496,-321.33576503344,-99.9999999999995,0
25.0662665666417,9.99999999992411,1.57079632679496,-321.135715020938,-99.9999999999995,0
25.086271567892,9.99999999992566,1.57079632679496,-320.935665008436,-99.9999999999995,0
25.1062765691423,9.99999999992717,1.57079632679496,-320.735614995935,-99.9999999999995,0
25.1262815703926,9.99999999992866,1.57079632679496,-320.535564983433,-99.9999999999995,0
25.1462865716429,9.99999999993012,1.57079632679496,-320.335514970931,-99.9999999999995,0
25.1662915728932,9.99999999993154,1.57079632679496,-320.13546495843,-99.9999999999995,0
25.1862965741435,9.99999999993294,1.57079632679496,-319.935414945928,-99.9999999999995,0
25.2063015753938,9.99999999993431,1.57079632679496,-319.735364933426,-99.9999999999995,0
25.2263065766442,9.99999999993566,1.57079632679496,-319.535314920924,-99.9999999999995,0
25.2463115778945,9.99999999993697,1.57079632679496,-319.335264908422,-99.9999999999995,0
25.2663165791448,9.99999999993825,1.57079632679496,-319.135214895921,-99.9999999999995,0
25.2863215803951,9.99999999993952,1.57079632679496,-318.935164883419,-99.9999999999995,0
25.3063265816454,9.99999999994075,1.57079632679496,-318.735114870917,-99.9999999999995,0
25.3263315828957,9.99999999994196,1.57079632679496,-318.535064858415,-99.9999999999995,0
25.346336584146,9.99999999994315,1.57079632679496,-318.335014845913,-99.9999999999995,0
25.3663415853963,9.9999999999443,1.57079632679496,-318.134964833411,-99.9999999999995,0
25.3863465866467,9.99999999994544,1.57079632679496,-317.934914820908,-99.9999999999995,0
25.406351587897,9.99999999994656,1.57079632679496,-317.734864808406,-99.9999999999995,0
25.4263565891473,9.99999999994765,1.57079632679496,-317.534814795904,-99.9999999999995,0
25.4463615903976,9.99999999994872,1.57079632679496,-317.334764783402,-99.9999999999995,0
25.4663665916479,9.99999999994976,1.57079632679496,-317.1347147709,-99.9999999999995,0
25.4863715928982,9.99999999995079,1.57079632679496,-316.934664758398,-99.9999999999995,0
25.5063765941485,9.99999999995179,1.57079632679496,-316.734614745896,-99.9999999999995,0
25.5263815953988,9.99999999995277,1.57079632679496,-316.534564733394,-99.9999999999995,0
25.5463865966492,9.99999999995374,1.57079632679496,-316.334514720891,-99.9999999999995,0
25.5663915978995,9.99999999995468,1.57079632679496,-316.134464708389,-99.9999999999995,0
25.5863965991498,9.99999999995561,1.57079632679496,-315.934414695887,-99.9999999999995,0
25.6064016004001,9.99999999995651,1.57079632679496,-315.734364683385,-99.9999999999995,0
25.6264066016504,9.9999999999574,1.57079632679496,-315.534314670882,-99.9999999999995,0
25.6464116029007,9.99999999995827,1.57079632679496,-315.33426465838,-99.9999999999995,0
25.666416604151,9.99999999995912,1.57079632679496,-315.134214645878,-99.9999999999995,0
25.6864216054013,9.99999999995996,1.57079632679496,-314.934164633376,-99.9999999999995,0
25.7064266066517,9.99999999996078,1.57079632679496,-314.734114620873,-99.9999999999995,0
25.726431607902,9.99999999996157,1.57079632679496,-314.534064608371,-99.9999999999995,0
25.7464366091523,9.99999999996236,1.57079632679496,-314.334014595869,-99.9999999999995,0
25.7664416104026,9.99999999996313,1.57079632679496,-314.133964583366,-99.9999999999995,0
25.7864466116529,9.99999999996388,1.57079632679496,-313.933914570864,-99.9999999999995,0
25.8064516129032,9.99999999996462,1.57079632679496,-313.733864558361,-99.9999999999995,0
25.8264566141535,9.99999999996534,1.57079632679496,-313.533814545859,-99.9999999999995,0
25.8464616154039,9.99999999996604,1.57079632679496,-313.333764533356,-99.9999999999995,0
25.8664666166542,9.99999999996674,1.57079632679496,-313.133714520854,-99.9999999999995,0
25.8864716179045,9.99999999996741,1.57079632679496,-312.933664508351,-99.9999999999995,0
25.9064766191548,9.99999999996808,1.57079632679496,-312.733614495849,-99.9999999999995,0
25.9264816204051,9.99999999996873,1.57079632679496,-312.533564483346,-99.9999999999995,0
25.9464866216554,9.99999999996936,1.57079632679496,-312.333514470844,-99.9999999999995,0
25.9664916229057,9.99999999996999,1.57079632679496,-312.133464458341,-99.9999999999995,0
25.986496624156,9.99999999997061,1.57079632679496,-311.933414445839,-99.9999999999995,0
26.0065016254064,9.99999999997121,1.57079632679496,-311.733364433336,-99.9999999999995,0
26.0265066266567,9.99999999997179,1.57079632679496,-311.533314420834,-99.9999999999995,0
26.046511627907,9.99999999997237,1.57079632679496,-311.333264408331,-99.9999999999995,0
26.0665166291573,9.99999999997294,1.57079632679496,-311.133214395829,-99.9999999999995,0
26.0865216304076,9.99999999997349,1.57079632679496,-310.933164383326,-99.9999999999995,0
26.1065266316579,9.99999999997403,1.57079632679496,-310.733114370824,-99.9999999999995,0
26.1265316329082,9.99999999997456,1.57079632679496,-310.533064358321,-99.9999999999995,0
26.1465366341585,9.99999999997508,1.57079632679496,-310.333014345818,-99.9999999999995,0
26.1665416354089,9.99999999997559,1.57079632679496,-310.132964333316,-99.9999999999995,0
26.1865466366592,9.99999999997609,1.57079632679496,-309.932914320813,-99.9999999999995,0
26.2065516379095,9.99999999997658,1.57079632679496,-309.73286430831,-99.9999999999995,0
26.2265566391598,9.99999999997706,1.57079632679496,-309.532814295807,-99.9999999999995,0
26.2465616404101,9.99999999997752,1.57079632679496,-309.332764283305,-99.9999999999995,0
26.2665666416604,9.99999999997798,1.57079632679496,-309.132714270802,-99.9999999999995,0
26.2865716429107,9.99999999997844,1.57079632679496,-308.932664258299,-99.9999999999995,0
26.306576644161,9.99999999997887,1.57079632679496,-308.732614245797,-99.9999999999995,0
26.3265816454114,9.9999999999793,1.57079632679496,-308.532564233294,-99.9999999999995,0
26.3465866466617,9.99999999997973,1.57079632679496,-308.332514220791,-99.9999999999995,0
26.366591647912,9.99999999998014,1.57079632679496,-308.132464208288,-99.9999999999995,0
26.3865966491623,9.99999999998054,1.57079632679496,-307.932414195786,-99.9999999999995,0
26.4066016504126,9.99999999998094,1.57079632679496,-307.732364183283,-99.9999999999995,0
26.4266066516629,9.99999999998133,1.57079632679496,-307.53231417078,-99.9999999999995,0
26.4466116529132,9.99999999998171,1.57079632679496,-307.332264158277,-99.9999999999995,0
26.4666166541635,9.99999999998209,1.57079632679496,-307.132214145775,-99.9999999999995,0
26.4866216554139,9.99999999998245,1.57079632679496,-306.932164133272,-99.9999999999995,0
26.5066266566642,9.99999999998281,1.57079632679496,-306.732114120769,-99.9999999999995,0
26.5266316579145,9.99999999998317,1.57079632679496,-306.532064108267,-99.9999999999995,0
26.5466366591648,9.99999999998351,1.57079632679496,-306.332014095764,-99.9999999999995,0
26.5666416604151,9.99999999998385,1.57079632679496,-306.131964083261,-99.9999999999995,0
26.5866466616654,9.99999999998418,1.57079632679496,-305.931914070759,-99.9999999999995,0
26.6066516629157,9.99999999998451,1.57079632679496,-305.731864058256,-99.9999999999995,0
26.626656664166,9.99999999998482,1.57079632679496,-305.531814045753,-99.9999999999995,0
26.6466616654164,9.99999999998513,1.57079632679496,-305.33176403325,-99.9999999999995,0
26.6666666666667,9.99999999998544,1.57079632679496,-305.131714020747,-99.9999999999995,0
26.686671667917,9.99999999998573,1.57079632679496,-304.931664008244,-99.9999999999995,0
26.7066766691673,9.99999999998602,1.57079632679496,-304.731613995741,-99.9999999999995,0
26.7266816704176,9.99999999998631,1.57079632679496,-304.531563983238,-99.9999999999995,0
26.7466866716679,9.99999999998659,1.57079632679496,-304.331513970736,-99.9999999999995,0
26.7666916729182,9.99999999998686,1.57079632679496,-304.131463958233,-99.9999999999995,0
26.7866966741685,9.99999999998713,1.57079632679496,-303.93141394573,-99.9999999999995,0
26.8067016754189,9.99999999998739,1.57079632679496,-303.731363933227,-99.9999999999995,0
26.8267066766692,9.99999999998765,1.57079632679496,-303.531313920724,-99.9999999999995,0
26.8467116779195,9.9999999999879,1.57079632679496,-303.331263908221,-99.9999999999995,0
26.8667166791698,9.99999999998815,1.57079632679496,-303.131213895718,-99.9999999999995,0
26.8867216804201,9.99999999998839,1.57079632679496,-302.931163883215,-99.9999999999995,0
26.9067266816704,9.99999999998863,1.57079632679496,-302.731113870712,-99.9999999999995,0
26.9267316829207,9.99999999998886,1.57079632679496,-302.531063858209,-99.9999999999995,0
26.946736684171,9.99999999998909,1.57079632679496,-302.331013845706,-99.9999999999995,0
26.9667416854214,9.99999999998931,1.57079632679496,-302.130963833203,-99.9999999999995,0
26.9867466866717,9.99999999998953,1.57079632679496,-301.9309138207,-99.9999999999995,0
27.006751687922,9.99999999998974,1.57079632679496,-301.730863808197,-99.9999999999995,0
27.0267566891723,9.99999999998995,1.57079632679496,-301.530813795694,-99.9999999999995,0
27.0467616904226,9.99999999999016,1.57079632679496,-301.330763783191,-99.9999999999995,0
27.0667666916729,9.99999999999036,1.57079632679496,-301.130713770688,-99.9999999999995,0
27.0867716929232,9.99999999999055,1.57079632679496,-300.930663758186,-99.9999999999995,0
27.1067766941735,9.99999999999075,1.57079632679496,-300.730613745683,-99.9999999999995,0
27.1267816954239,9.99999999999094,1.57079632679496,-300.53056373318,-99.9999999999995,0
27.1467866966742,9.99999999999112,1.57079632679496,-300.330513720677,-99.9999999999995,0
27.1667916979245,9.9999999999913,1.57079632679496,-300.130463708174,-99.9999999999995,0
27.1867966991748,9.99999999999148,1.57079632679496,-299.930413695671,-99.9999999999995,0
27.2068017004251,9.99999999999165,1.57079632679496,-299.730363683168,-99.9999999999995,0
27.2268067016754,9.99999999999183,1.57079632679496,-299.530313670665,-99.9999999999995,0
27.2468117029257,9.99999999999199,1.57079632679496,-299.330263658162,-99.9999999999995,0
27.266816704176,9.99999999999216,1.57079632679496,-299.130213645659,-99.9999999999995,0
27.2868217054264,9.99999999999232,1.57079632679496,-298.930163633156,-99.9999999999995,0
27.3068267066767,9.99999999999248,1.57079632679496,-298.730113620653,-99.9999999999995,0
27.326831707927,9.99999999999263,1.57079632679496,-298.53006360815,-99.9999999999995,0
27.3468367091773,9.99999999999278,1.57079632679496,-298.330013595647,-99.9999999999995,0
27.3668417104276,9.99999999999292,1.57079632679496,-298.129963583144,-99.9999999999995,0
27.3868467116779,9.99999999999307,1.57079632679496,-297.929913570641,-99.9999999999995,0
27.4068517129282,9.99999999999321,1.57079632679496,-297.729863558138,-99.9999999999995,0
27.4268567141785,9.99999999999335,1.57079632679496,-297.529813545635,-99.9999999999995,0
27.4468617154289,9.99999999999348,1.57079632679496,-297.329763533133,-99.9999999999995,0
27.4668667166792,9.99999999999362,1.57079632679496,-297.12971352063,-99.9999999999995,0
27.4868717179295,9.99999999999375,1.57079632679496,-296.929663508127,-99.9999999999995,0
27.5068767191798,9.99999999999387,1.57079632679496,-296.729613495624,-99.9999999999995,0
27.5268817204301,9.999999999994,1.57079632679496,-296.529563483121,-99.9999999999995,0
27.5468867216804,9.99999999999412,1.57079632679496,-296.329513470618,-99.9999999999995,0
27.5668917229307,9.99999999999424,1.57079632679496,-296.129463458115,-99.9999999999995,0
27.586896724181,9.99999999999436,1.57079632679496,-295.929413445612,-99.9999999999995,0
27.6069017254314,9.99999999999447,1.57079632679496,-295.729363433109,-99.9999999999995,0
27.6269067266817,9.99999999999459,1.57079632679496,-295.529313420606,-99.9999999999995,0
27.646911727932,9.9999999999947,1.57079632679496,-295.329263408103,-99.9999999999995,0
27.6669167291823,9.9999999999948,1.57079632679496,-295.1292133956,-99.9999999999995,0
27.6869217304326,9.99999999999491,1.57079632679496,-294.929163383097,-99.9999999999995,0
27.7069267316829,9.99999999999502,1.57079632679496,-294.729113370594,-99.9999999999995,0
27.7269317329332,9.99999999999511,1.57079632679496,-294.529063358091,-99.9999999999995,0
27.7469367341835,9.99999999999521,1.57079632679496,-294.329013345588,-99.9999999999995,0
27.7669417354339,9.99999999999531,1.57079632679496,-294.128963333085,-99.9999999999995,0
27.7869467366842,9.99999999999541,1.57079632679496,-293.928913320582,-99.9999999999995,0
27.8069517379345,9.9999999999955,1.57079632679496,-293.72886330808,-99.9999999999995,0
27.8269567391848,9.99999999999559,1.57079632679496,-293.528813295577,-99.9999999999995,0
27.8469617404351,9.99999999999569,1.57079632679496,-293.328763283074,-99.9999999999995,0
27.8669667416854,9.99999999999577,1.57079632679496,-293.128713270571,-99.9999999999995,0
27.8869717429357,9.99999999999586,1.57079632679496,-292.928663258068,-99.9999999999995,0
27.906976744186,9.99999999999594,1.57079632679496,-292.728613245565,-99.9999999999995,0
27.9269817454364,9.99999999999603,1.57079632679496,-292.528563233062,-99.9999999999995,0
27.9469867466867,9.99999999999611,1.57079632679496,-292.328513220559,-99.9999999999995,0
27.966991747937,9.99999999999619,1.57079632679496,-292.128463208056,-99.9999999999995,0
27.9869967491873,9.99999999999626,1.57079632679496,-291.928413195553,-99.9999999999995,0
28.0070017504376,9.99999999999634,1.57079632679496,-291.72836318305,-99.9999999999995,0
28.0270067516879,9.99999999999642,1.57079632679496,-291.528313170547,-99.9999999999995,0
28.0470117529382,9.99999999999649,1.57079632679496,-291.328263158044,-99.9999999999995,0
28.0670167541885,9.99999999999656,1.57079632679496,-291.128213145541,-99.9999999999995,0
28.0870217554389,9.99999999999663,1.57079632679496,-290.928163133038,-99.9999999999995,0
28.1070267566892,9.9999999999967,1.57079632679496,-290.728113120535,-99.9999999999995,0
28.1270317579395,9.99999999999677,1.57079632679496,-290.528063108032,-99.9999999999995,0
28.1470367591898,9.99999999999683,1.57079632679496,-290.328013095528,-99.9999999999995,0
28.1670417604401,9.9999999999969,1.57079632679496,-290.127963083025,-99.9999999999995,0
28.1870467616904,9.99999999999696,1.57079632679496,-289.927913070522,-99.9999999999995,0
28.2070517629407,9.99999999999703,1.57079632679496,-289.727863058019,-99.9999999999995,0
28.227056764191,9.99999999999709,1.57079632679496,-289.527813045516,-99.9999999999995,0
28.2470617654414,9.99999999999715,1.57079632679496,-289.327763033013,-99.9999999999995,0
28.2670667666917,9.9999999999972,1.57079632679496,-289.127713020509,-99.9999999999995,0
28.287071767942,9.99999999999726,1.57079632679496,-288.927663008006,-99.9999999999995,0
28.3070767691923,9.99999999999732,1.57079632679496,-288.727612995503,-99.9999999999995,0
28.3270817704426,9.99999999999737,1.57079632679496,-288.527562983,-99.9999999999995,0
28.3470867716929,9.99999999999743,1.57079632679496,-288.327512970497,-99.9999999999995,0
28.3670917729432,9.99999999999748,1.57079632679496,-288.127462957994,-99.9999999999995,0
28.3870967741935,9.99999999999753,1.57079632679496,-287.92741294549,-99.9999999999995,0
28.4071017754439,9.99999999999758,1.57079632679496,-287.727362932987,-99.9999999999995,0
28.4271067766942,9.99999999999763,1.57079632679496,-287.527312920484,-99.9999999999995,0
28.4471117779445,9.99999999999768,1.57079632679496,-287.327262907981,-99.9999999999995,0
28.4671167791948,9.99999999999773,1.57079632679496,-287.127212895478,-99.9999999999995,0
28.4871217804451,9.99999999999777,1.57079632679496,-286.927162882975,-99.9999999999995,0
28.5071267816954,9.99999999999782,1.57079632679496,-286.727112870471,-99.9999999999995,0
28.5271317829457,9.99999999999786,1.57079632679496,-286.527062857968,-99.9999999999995,0
28.547136784196,9.9999999999979,1.57079632679496,-286.327012845465,-99.9999999999995,0
28.5671417854464,9.99999999999794,1.57079632679496,-286.126962832962,-99.9999999999995,0
28.5871467866967,9.99999999999799,1.57079632679496,-285.926912820459,-99.9999999999995,0
28.607151787947,9.99999999999803,1.57079632679496,-285.726862807956,-99.9999999999995,0
28.6271567891973,9.99999999999807,1.57079632679496,-285.526812795452,-99.9999999999995,0
28.6471617904476,9.99999999999811,1.57079632679496,-285.326762782949,-99.9999999999995,0
28.6671667916979,9.99999999999815,1.57079632679496,-285.126712770446,-99.9999999999995,0
28.6871717929482,9.99999999999818,1.57079632679496,-284.926662757943,-99.9999999999995,0
28.7071767941985,9.99999999999822,1.57079632679496,-284.72661274544,-99.9999999999995,0
28.7271817954489,9.99999999999825,1.57079632679496,-284.526562732937,-99.9999999999995,0
28.7471867966992,9.99999999999829,1.57079632679496,-284.326512720433,-99.9999999999995,0
28.7671917979495,9.99999999999832,1.57079632679496,-284.12646270793,-99.9999999999995,0
28.7871967991998,9.99999999999836,1.57079632679496,-283.926412695427,-99.9999999999995,0
28.8072018004501,9.9999999999984,1.57079632679496,-283.726362682924,-99.9999999999995,0
28.8272068017004,9.99999999999843,1.57079632679496,-283.526312670421,-99.9999999999995,0
28.8472118029507,9.99999999999847,1.57079632679496,-283.326262657917,-99.9999999999995,0
28.867216804201,9.99999999999849,1.57079632679496,-283.126212645414,-99.9999999999995,0
28.8872218054514,9.99999999999852,1.57079632679496,-282.926162632911,-99.9999999999995,0
28.9072268067017,9.99999999999855,1.57079632679496,-282.726112620408,-99.9999999999995,0
28.927231807952,9.99999999999858,1.57079632679496,-282.526062607905,-99.9999999999995,0
28.9472368092023,9.99999999999861,1.57079632679496,-282.326012595402,-99.9999999999995,0
28.9672418104526,9.99999999999864,1.57079632679496,-282.125962582898,-99.9999999999995,0
28.9872468117029,9.99999999999866,1.57079632679496,-281.925912570395,-99.9999999999995,0
29.0072518129532,9.99999999999869,1.57079632679496,-281.725862557892,-99.9999999999995,0
29.0272568142036,9.99999999999872,1.57079632679496,-281.525812545389,-99.9999999999995,0
29.0472618154539,9.99999999999875,1.57079632679496,-281.325762532886,-99.9999999999995,0
29.0672668167042,9.99999999999878,1.57079632679496,-281.125712520383,-99.9999999999995,0
29.0872718179545,9.9999999999988,1.57079632679496,-280.925662507879,-99.9999999999995,0
29.1072768192048,9.99999999999882,1.57079632679496,-280.725612495376,-99.9999999999995,0
29.1272818204551,9.99999999999885,1.57079632679496,-280.525562482873,-99.9999999999995,0
29.1472868217054,9.99999999999887,1.57079632679496,-280.32551247037,-99.9999999999995,0
29.1672918229557,9.99999999999889,1.57079632679496,-280.125462457867,-99.9999999999995,0
29.1872968242061,9.99999999999891,1.57079632679496,-279.925412445364,-99.9999999999995,0
29.2073018254564,9.99999999999893,1.57079632679496,-279.72536243286,-99.9999999999995,0
29.2273068267067,9.99999999999895,1.57079632679496,-279.525312420357,-99.9999999999995,0
29.247311827957,9.99999999999897,1.57079632679496,-279.325262407854,-99.9999999999995,0
29.2673168292073,9.99999999999899,1.57079632679496,-279.125212395351,-99.9999999999995,0
29.2873218304576,9.99999999999902,1.57079632679496,-278.925162382848,-99.9999999999995,0
29.3073268317079,9.99999999999904,1.57079632679496,-278.725112370345,-99.9999999999995,0
29.3273318329582,9.99999999999906,1.57079632679496,-278.525062357841,-99.9999999999995,0
29.3473368342086,9.99999999999908,1.57079632679496,-278.325012345338,-99.9999999999995,0
29.3673418354589,9.9999999999991,1.57079632679496,-278.124962332835,-99.9999999999995,0
29.3873468367092,9.99999999999912,1.57079632679496,-277.924912320332,-99.9999999999995,0
29.4073518379595,9.99999999999914,1.57079632679496,-277.724862307829,-99.9999999999995,0
29.4273568392098,9.99999999999916,1.57079632679496,-277.524812295326,-99.9999999999995,0
29.4473618404601,9.99999999999917,1.57079632679496,-277.324762282822,-99.9999999999995,0
29.4673668417104,9.99999999999918,1.57079632679496,-277.124712270319,-99.9999999999995,0
29.4873718429607,9.9999999999992,1.57079632679496,-276.924662257816,-99.9999999999995,0
29.5073768442111,9.99999999999921,1.57079632679496,-276.724612245313,-99.9999999999995,0
29.5273818454614,9.99999999999923,1.57079632679496,-276.52456223281,-99.9999999999995,0
29.5473868467117,9.99999999999924,1.57079632679496,-276.324512220306,-99.9999999999995,0
29.567391847962,9.99999999999926,1.57079632679496,-276.124462207803,-99.9999999999995,0
29.5873968492123,9.99999999999927,1.57079632679496,-275.9244121953,-99.9999999999995,0
29.6074018504626,9.99999999999928,1.57079632679496,-275.724362182797,-99.9999999999995,0
29.6274068517129,9.9999999999993,1.57079632679496,-275.524312170294,-99.9999999999995,0
29.6474118529632,9.99999999999931,1.57079632679496,-275.324262157791,-99.9999999999995,0
29.6674168542136,9.99999999999933,1.57079632679496,-275.124212145287,-99.9999999999995,0
29.6874218554639,9.99999999999934,1.57079632679496,-274.924162132784,-99.9999999999995,0
29.7074268567142,9.99999999999936,1.57079632679496,-274.724112120281,-99.9999999999995,0
29.7274318579645,9.99999999999937,1.57079632679496,-274.524062107778,-99.9999999999995,0
29.7474368592148,9.99999999999938,1.57079632679496,-274.324012095275,-99.9999999999995,0
29.7674418604651,9.9999999999994,1.57079632679496,-274.123962082772,-99.9999999999995,0
29.7874468617154,9.99999999999941,1.57079632679496,-273.923912070268,-99.9999999999995,0
29.8074518629657,9.99999999999943,1.57079632679496,-273.723862057765,-99.9999999999995,0
29.8274568642161,9.99999999999944,1.57079632679496,-273.523812045262,-99.9999999999995,0
29.8474618654664,9.99999999999945,1.57079632679496,-273.323762032759,-99.9999999999995,0
29.8674668667167,9.99999999999947,1.57079632679496,-273.123712020256,-99.9999999999995,0
29.887471867967,9.99999999999948,1.57079632679496,-272.923662007753,-99.9999999999995,0
29.9074768692173,9.9999999999995,1.57079632679496,-272.723611995249,-99.9999999999995,0
29.9274818704676,9.9999999999995,1.57079632679496,-272.523561982746,-99.9999999999995,0
29.9474868717179,9.99999999999951,1.57079632679496,-272.323511970243,-99.9999999999995,0
29.9674918729682,9.99999999999952,1.57079632679496,-272.12346195774,-99.9999999999995,0
29.9874968742186,9.99999999999952,1.57079632679496,-271.923411945237,-99.9999999999995,0
30.0075018754689,9.99999999999953,1.57079632679496,-271.723361932734,-99.9999999999995,0
30.0275068767192,9.99999999999954,1.57079632679496,-271.52331192023,-99.9999999999995,0
30.0475118779695,9.99999999999955,1.57079632679496,-271.323261907727,-99.9999999999995,0
30.0675168792198,9.99999999999955,1.57079632679496,-271.123211895224,-99.9999999999995,0
30.0875218804701,9.99999999999956,1.57079632679496,-270.923161882721,-99.9999999999995,0
30.1075268817204,9.99999999999957,1.57079632679496,-270.723111870218,-99.9999999999995,0
30.1275318829707,9.99999999999957,1.57079632679496,-270.523061857715,-99.9999999999995,0
30.1475368842211,9.99999999999958,1.57079632679496,-270.323011845211,-99.9999999999995,0
30.1675418854714,9.99999999999959,1.57079632679496,-270.122961832708,-99.9999999999995,0
30.1875468867217,9.99999999999959,1.57079632679496,-269.922911820205,-99.9999999999995,0
30.207551887972,9.9999999999996,1.57079632679496,-269.722861807702,-99.9999999999995,0
30.2275568892223,9.99999999999961,1.57079632679496,-269.522811795199,-99.9999999999995,0
30.2475618904726,9.99999999999962,1.57079632679496,-269.322761782696,-99.9999999999995,0
30.2675668917229,9.99999999999962,1.57079632679496,-269.122711770192,-99.9999999999995,0
30.2875718929732,9.99999999999963,1.57079632679496,-268.922661757689,-99.9999999999995,0
30.3075768942236,9.99999999999964,1.57079632679496,-268.722611745186,-99.9999999999995,0
30.3275818954739,9.99999999999964,1.57079632679496,-268.522561732683,-99.9999999999995,0
30.3475868967242,9.99999999999965,1.57079632679496,-268.32251172018,-99.9999999999995,0
30.3675918979745,9.99999999999966,1.57079632679496,-268.122461707677,-99.9999999999995,0
30.3875968992248,9.99999999999967,1.57079632679496,-267.922411695173,-99.9999999999995,0
30.4076019004751,9.99999999999967,1.57079632679496,-267.72236168267,-99.9999999999995,0
30.4276069017254,9.99999999999968,1.57079632679496,-267.522311670167,-99.9999999999995,0
30.4476119029757,9.99999999999969,1.57079632679496,-267.322261657664,-99.9999999999995,0
30.4676169042261,9.99999999999969,1.57079632679496,-267.122211645161,-99.9999999999995,0
30.4876219054764,9.9999999999997,1.57079632679496,-266.922161632657,-99.9999999999995,0
30.5076269067267,9.99999999999971,1.57079632679496,-266.722111620154,-99.9999999999995,0
30.527631907977,9.99999999999971,1.57079632679496,-266.522061607651,-99.9999999999995,0
30.5476369092273,9.99999999999972,1.57079632679496,-266.322011595148,-99.9999999999995,0
30.5676419104776,9.99999999999973,1.57079632679496,-266.121961582645,-99.9999999999995,0
30.5876469117279,9.99999999999974,1.57079632679496,-265.921911570142,-99.9999999999995,0
30.6076519129782,9.99999999999974,1.57079632679496,-265.721861557638,-99.9999999999995,0
30.6276569142286,9.99999999999975,1.57079632679496,-265.521811545135,-99.9999999999995,0
30.6476619154789,9.99999999999976,1.57079632679496,-265.321761532632,-99.9999999999995,0
30.6676669167292,9.99999999999976,1.57079632679496,-265.121711520129,-99.9999999999995,0
30.6876719179795,9.99999999999977,1.57079632679496,-264.921661507626,-99.9999999999995,0
30.7076769192298,9.99999999999978,1.57079632679496,-264.721611495123,-99.9999999999995,0
30.7276819204801,9.99999999999979,1.57079632679496,-264.521561482619,-99.9999999999995,0
30.7476869217304,9.99999999999979,1.57079632679496,-264.321511470116,-99.9999999999995,0
30.7676919229807,9.9999999999998,1.57079632679496,-264.121461457613,-99.9999999999995,0
30.7876969242311,9.99999999999981,1.57079632679496,-263.92141144511,-99.9999999999995,0
30.8077019254814,9.99999999999982,1.57079632679496,-263.721361432607,-99.9999999999995,0
30.8277069267317,9.99999999999982,1.57079632679496,-263.521311420104,-99.9999999999995,0
30.847711927982,9.99999999999983,1.57079632679496,-263.3212614076,-99.9999999999995,0
30.8677169292323,9.99999999999983,1.57079632679496,-263.121211395097,-99.9999999999995,0
30.8877219304826,9.99999999999983,1.57079632679496,-262.921161382594,-99.9999999999995,0
30.9077269317329,9.99999999999983,1.57079632679496,-262.721111370091,-99.9999999999995,0
30.9277319329832,9.99999999999983,1.57079632679496,-262.521061357588,-99.9999999999995,0
30.9477369342336,9.99999999999983,1.57079632679496,-262.321011345085,-99.9999999999995,0
30.9677419354839,9.99999999999983,1.57079632679496,-262.120961332581,-99.9999999999995,0
30.9877469367342,9.99999999999983,1.57079632679496,-261.920911320078,-99.9999999999995,0
31.0077519379845,9.99999999999983,1.57079632679496,-261.720861307575,-99.9999999999995,0
31.0277569392348,9.99999999999983,1.57079632679496,-261.520811295072,-99.9999999999995,0
31.0477619404851,9.99999999999983,1.57079632679496,-261.320761282569,-99.9999999999995,0
31.0677669417354,9.99999999999983,1.57079632679496,-261.120711270065,-99.9999999999995,0
31.0877719429857,9.99999999999983,1.57079632679496,-260.920661257562,-99.9999999999995,0
31.1077769442361,9.99999999999983,1.57079632679496,-260.720611245059,-99.9999999999995,0
31.1277819454864,9.99999999999983,1.57079632679496,-260.520561232556,-99.9999999999995,0
31.1477869467367,9.99999999999983,1.57079632679496,-260.320511220053,-99.9999999999995,0
31.167791947987,9.99999999999983,1.57079632679496,-260.12046120755,-99.9999999999995,0
31.1877969492373,9.99999999999983,1.57079632679496,-259.920411195046,-99.9999999999995,0
31.2078019504876,9.99999999999983,1.57079632679496,-259.720361182543,-99.9999999999995,0
31.2278069517379,9.99999999999983,1.57079632679496,-259.52031117004,-99.9999999999995,0
31.2478119529882,9.99999999999983,1.57079632679496,-259.320261157537,-99.9999999999995,0
31.2678169542386,9.99999999999983,1.57079632679496,-259.120211145034,-99.9999999999995,0
31.2878219554889,9.99999999999983,1.57079632679496,-258.920161132531,-99.9999999999995,0
31.3078269567392,9.99999999999983,1.57079632679496,-258.720111120027,-99.9999999999995,0
31.3278319579895,9.99999999999983,1.57079632679496,-258.520061107524,-99.9999999999995,0
31.3478369592398,9.99999999999983,1.57079632679496,-258.320011095021,-99.9999999999995,0
31.3678419604901,9.99999999999983,1.57079632679496,-258.119961082518,-99.9999999999995,0
31.3878469617404,9.99999999999983,1.57079632679496,-257.919911070015,-99.9999999999995,0
31.4078519629907,9.99999999999983,1.57079632679496,-257.719861057512,-99.9999999999995,0
31.4278569642411,9.99999999999983,1.57079632679496,-257.519811045008,-99.9999999999995,0
31.4478619654914,9.99999999999983,1.57079632679496,-257.319761032505,-99.9999999999995,0
31.4678669667417,9.99999999999983,1.57079632679496,-257.119711020002,-99.9999999999995,0
31.487871967992,9.99999999999983,1.57079632679496,-256.919661007499,-99.9999999999995,0
31.5078769692423,9.99999999999983,1.57079632679496,-256.719610994996,-99.9999999999995,0
31.5278819704926,9.99999999999983,1.57079632679496,-256.519560982493,-99.9999999999995,0
31.5478869717429,9.99999999999983,1.57079632679496,-256.319510969989,-99.9999999999995,0
31.5678919729932,9.99999999999983,1.57079632679496,-256.119460957486,-99.9999999999995,0
31.5878969742436,9.99999999999983,1.57079632679496,-255.919410944983,-99.9999999999995,0
31.6079019754939,9.99999999999983,1.57079632679496,-255.71936093248,-99.9999999999995,0
31.6279069767442,9.99999999999983,1.57079632679496,-255.519310919977,-99.9999999999995,0
31.6479119779945,9.99999999999983,1.57079632679496,-255.319260907474,-99.9999999999995,0
31.6679169792448,9.99999999999983,1.57079632679496,-255.11921089497,-99.9999999999995,0
31.6879219804951,9.99999999999983,1.57079632679496,-254.919160882467,-99.9999999999995,0
31.7079269817454,9.99999999999983,1.57079632679496,-254.719110869964,-99.9999999999995,0
31.7279319829957,9.99999999999983,1.57079632679496,-254.519060857461,-99.9999999999995,0
31.7479369842461,9.99999999999983,1.57079632679496,-254.319010844958,-99.9999999999995,0
31.7679419854964,9.99999999999983,1.57079632679496,-254.118960832454,-99.9999999999995,0
31.7879469867467,9.99999999999983,1.57079632679496,-253.918910819951,-99.9999999999995,0
31.807951987997,9.99999999999983,1.57079632679496,-253.718860807448,-99.9999999999995,0
31.8279569892473,9.99999999999983,1.57079632679496,-253.518810794945,-99.9999999999995,0
31.8479619904976,9.99999999999983,1.57079632679496,-253.318760782442,-99.9999999999995,0
31.8679669917479,9.99999999999983,1.57079632679496,-253.118710769939,-99.9999999999995,0
31.8879719929982,9.99999999999983,1.57079632679496,-252.918660757435,-99.9999999999995,0
31.9079769942486,9.99999999999983,1.57079632679496,-252.718610744932,-99.9999999999995,0
31.9279819954989,9.99999999999983,1.57079632679496,-252.518560732429,-99.9999999999995,0
31.9479869967492,9.99999999999983,1.57079632679496,-252.318510719926,-99.9999999999995,0
31.9679919979995,9.99999999999983,1.57079632679496,-252.118460707423,-99.9999999999995,0
31.9879969992498,9.99999999999983,1.57079632679496,-251.91841069492,-99.9999999999995,0
32.0080020005001,9.99999999999983,1.57079632679496,-251.718360682416,-99.9999999999995,0
32.0280070017504,9.99999999999983,1.57079632679496,-251.518310669913,-99.9999999999995,0
32.0480120030007,9.99999999999983,1.57079632679496,-251.31826065741,-99.9999999999995,0
32.0680170042511,9.99999999999983,1.57079632679496,-251.118210644907,-99.9999999999995,0
32.0880220055014,9.99999999999983,1.57079632679496,-250.918160632404,-99.9999999999995,0
32.1080270067517,9.99999999999983,1.57079632679496,-250.718110619901,-99.9999999999995,0
32.128032008002,9.99999999999983,1.57079632679496,-250.518060607397,-99.9999999999995,0
32.1480370092523,9.99999999999983,1.57079632679496,-250.318010594894,-99.9999999999995,0
32.1680420105026,9.99999999999983,1.57079632679496,-250.117960582391,-99.9999999999995,0
32.1880470117529,9.99999999999983,1.57079632679496,-249.917910569888,-99.9999999999995,0
32.2080520130033,9.99999999999983,1.57079632679496,-249.717860557385,-99.9999999999995,0
32.2280570142536,9.99999999999983,1.57079632679496,-249.517810544882,-99.9999999999995,0
32.2480620155039,9.99999999999983,1.57079632679496,-249.317760532378,-99.9999999999995,0
32.2680670167542,9.99999999999983,1.57079632679496,-249.117710519875,-99.9999999999995,0
32.2880720180045,9.99999999999983,1.57079632679496,-248.917660507372,-99.9999999999995,0
32.3080770192548,9.99999999999983,1.57079632679496,-248.717610494869,-99.9999999999995,0
32.3280820205051,9.99999999999983,1.57079632679496,-248.517560482366,-99.9999999999995,0
32.3480870217554,9.99999999999983,1.57079632679496,-248.317510469863,-99.9999999999995,0
32.3680920230058,9.99999999999983,1.57079632679496,-248.117460457359,-99.9999999999995,0
32.3880970242561,9.99999999999983,1.57079632679496,-247.917410444856,-99.9999999999995,0
32.4081020255064,9.99999999999983,1.57079632679496,-247.717360432353,-99.9999999999995,0
32.4281070267567,9.99999999999983,1.57079632679496,-247.51731041985,-99.9999999999995,0
32.448112028007,9.99999999999983,1.57079632679496,-247.317260407347,-99.9999999999995,0
32.4681170292573,9.99999999999983,1.57079632679496,-247.117210394844,-99.9999999999995,0
32.4881220305076,9.99999999999983,1.57079632679496,-246.91716038234,-99.9999999999995,0
32.5081270317579,9.99999999999983,1.57079632679496,-246.717110369837,-99.9999999999995,0
32.5281320330083,9.99999999999983,1.57079632679496,-246.517060357334,-99.9999999999995,0
32.5481370342586,9.99999999999983,1.57079632679496,-246.317010344831,-99.9999999999995,0
32.5681420355089,9.99999999999983,1.57079632679496,-246.116960332328,-99.9999999999995,0
32.5881470367592,9.99999999999983,1.57079632679496,-245.916910319824,-99.9999999999995,0
32.6081520380095,9.99999999999983,1.57079632679496,-245.716860307321,-99.9999999999995,0
32.6281570392598,9.99999999999983,1.57079632679496,-245.516810294818,-99.9999999999995,0
32.6481620405101,9.99999999999983,1.57079632679496,-245.316760282315,-99.9999999999995,0
32.6681670417604,9.99999999999983,1.57079632679496,-245.116710269812,-99.9999999999995,0
32.6881720430108,9.99999999999983,1.57079632679496,-244.916660257309,-99.9999999999995,0
32.7081770442611,9.99999999999983,1.57079632679496,-244.716610244805,-99.9999999999995,0
32.7281820455114,9.99999999999983,1.57079632679496,-244.516560232302,-99.9999999999995,0
32.7481870467617,9.99999999999983,1.57079632679496,-244.316510219799,-99.9999999999995,0
32.768192048012,9.99999999999983,1.57079632679496,-244.116460207296,-99.9999999999995,0
32.7881970492623,9.99999999999983,1.57079632679496,-243.916410194793,-99.9999999999995,0
32.8082020505126,9.99999999999983,1.57079632679496,-243.71636018229,-99.9999999999995,0
32.8282070517629,9.99999999999983,1.57079632679496,-243.516310169786,-99.9999999999995,0
32.8482120530133,9.99999999999983,1.57079632679496,-243.316260157283,-99.9999999999995,0
32.8682170542636,9.99999999999983,1.57079632679496,-243.11621014478,-99.9999999999995,0
32.8882220555139,9.99999999999983,1.57079632679496,-242.916160132277,-99.9999999999995,0
32.9082270567642,9.99999999999983,1.57079632679496,-242.716110119774,-99.9999999999995,0
32.9282320580145,9.99999999999983,1.57079632679496,-242.516060107271,-99.9999999999995,0
32.9482370592648,9.99999999999983,1.57079632679496,-242.316010094767,-99.9999999999995,0
32.9682420605151,9.99999999999983,1.57079632679496,-242.115960082264,-99.9999999999995,0
32.9882470617654,9.99999999999983,1.57079632679496,-241.915910069761,-99.9999999999995,0
33.0082520630158,9.99999999999983,1.57079632679496,-241.715860057258,-99.9999999999995,0
33.0282570642661,9.99999999999983,1.57079632679496,-241.515810044755,-99.9999999999995,0
33.0482620655164,9.99999999999983,1.57079632679496,-241.315760032252,-99.9999999999995,0
33.0682670667667,9.99999999999983,1.57079632679496,-241.115710019748,-99.9999999999995,0
33.088272068017,9.99999999999983,1.57079632679496,-240.915660007245,-99.9999999999995,0
33.1082770692673,9.99999999999983,1.57079632679496,-240.715609994742,-99.9999999999995,0
33.1282820705176,9.99999999999983,1.57079632679496,-240.515559982239,-99.9999999999995,0
33.1482870717679,9.99999999999983,1.57079632679496,-240.315509969736,-99.9999999999995,0
33.1682920730183,9.99999999999983,1.57079632679496,-240.115459957232,-99.9999999999995,0
33.1882970742686,9.99999999999983,1.57079632679496,-239.915409944729,-99.9999999999995,0
33.2083020755189,9.99999999999983,1.57079632679496,-239.715359932226,-99.9999999999995,0
33.2283070767692,9.99999999999983,1.57079632679496,-239.515309919723,-99.9999999999995,0
33.2483120780195,9.99999999999983,1.57079632679496,-239.31525990722,-99.9999999999995,0
33.2683170792698,9.99999999999983,1.57079632679496,-239.115209894717,-99.9999999999995,0
33.2883220805201,9.99999999999983,1.57079632679496,-238.915159882213,-99.9999999999995,0
33.3083270817704,9.99999999999983,1.57079632679496,-238.71510986971,-99.9999999999995,0
33.3283320830208,9.99999999999983,1.57079632679496,-238.515059857207,-99.9999999999995,0
33.3483370842711,9.99999999999983,1.57079632679496,-238.315009844704,-99.9999999999995,0
33.3683420855214,9.99999999999983,1.57079632679496,-238.114959832201,-99.9999999999995,0
33.3883470867717,9.99999999999983,1.57079632679496,-237.914909819698,-99.9999999999995,0
33.408352088022,9.99999999999983,1.57079632679496,-237.714859807194,-99.9999999999995,0
33.4283570892723,9.99999999999983,1.57079632679496,-237.514809794691,-99.9999999999995,0
33.4483620905226,9.99999999999983,1.57079632679496,-237.314759782188,-99.9999999999995,0
33.4683670917729,9.99999999999983,1.57079632679496,-237.114709769685,-99.9999999999995,0
33.4883720930233,9.99999999999983,1.57079632679496,-236.914659757182,-99.9999999999995,0
33.5083770942736,9.99999999999983,1.57079632679496,-236.714609744679,-99.9999999999995,0
33.5283820955239,9.99999999999983,1.57079632679496,-236.514559732175,-99.9999999999995,0
33.5483870967742,9.99999999999983,1.57079632679496,-236.314509719672,-99.9999999999995,0
33.5683920980245,9.99999999999983,1.57079632679496,-236.114459707169,-99.9999999999995,0
33.5883970992748,9.99999999999983,1.57079632679496,-235.914409694666,-99.9999999999995,0
33.6084021005251,9.99999999999983,1.57079632679496,-235.714359682163,-99.9999999999995,0
33.6284071017754,9.99999999999983,1.57079632679496,-235.51430966966,-99.9999999999995,0
33.6484121030258,9.99999999999983,1.57079632679496,-235.314259657156,-99.9999999999995,0
33.6684171042761,9.99999999999983,1.57079632679496,-235.114209644653,-99.9999999999995,0
33.6884221055264,9.99999999999983,1.57079632679496,-234.91415963215,-99.9999999999995,0
33.7084271067767,9.99999999999983,1.57079632679496,-234.714109619647,-99.9999999999995,0
33.728432108027,9.99999999999983,1.57079632679496,-234.514059607144,-99.9999999999995,0
33.7484371092773,9.99999999999983,1.57079632679496,-234.314009594641,-99.9999999999995,0
33.7684421105276,9.99999999999983,1.57079632679496,-234.113959582137,-99.9999999999995,0
33.7884471117779,9.99999999999983,1.57079632679496,-233.913909569634,-99.9999999999995,0
33.8084521130283,9.99999999999983,1.57079632679496,-233.713859557131,-99.9999999999995,0
33.8284571142786,9.99999999999983,1.57079632679496,-233.513809544628,-99.9999999999995,0
33.8484621155289,9.99999999999983,1.57079632679496,-233.313759532125,-99.9999999999995,0
33.8684671167792,9.99999999999983,1.57079632679496,-233.113709519622,-99.9999999999995,0
33.8884721180295,9.99999999999983,1.57079632679496,-232.913659507118,-99.9999999999995,0
33.9084771192798,9.99999999999983,1.57079632679496,-232.713609494615,-99.9999999999995,0
33.9284821205301,9.99999999999983,1.57079632679496,-232.513559482112,-99.9999999999995,0
33.9484871217804,9.99999999999983,1.57079632679496,-232.313509469609,-99.9999999999995,0
33.9684921230308,9.99999999999983,1.57079632679496,-232.113459457106,-99.9999999999995,0
33.9884971242811,9.99999999999983,1.57079632679496,-231.913409444603,-99.9999999999995,0
34.0085021255314,9.99999999999983,1.57079632679496,-231.713359432099,-99.9999999999995,0
34.0285071267817,9.99999999999983,1.57079632679496,-231.513309419596,-99.9999999999995,0
34.048512128032,9.99999999999983,1.57079632679496,-231.313259407093,-99.9999999999995,0
34.0685171292823,9.99999999999983,1.57079632679496,-231.11320939459,-99.9999999999995,0
34.0885221305326,9.99999999999983,1.57079632679496,-230.913159382087,-99.9999999999995,0
34.1085271317829,9.99999999999983,1.57079632679496,-230.713109369583,-99.9999999999995,0
34.1285321330333,9.99999999999983,1.57079632679496,-230.51305935708,-99.9999999999995,0
34.1485371342836,9.99999999999983,1.57079632679496,-230.313009344577,-99.9999999999995,0
34.1685421355339,9.99999999999983,1.57079632679496,-230.112959332074,-99.9999999999995,0
34.1885471367842,9.99999999999983,1.57079632679496,-229.912909319571,-99.9999999999995,0
34.2085521380345,9.99999999999983,1.57079632679496,-229.712859307068,-99.9999999999995,0
34.2285571392848,9.99999999999983,1.57079632679496,-229.512809294564,-99.9999999999995,0
34.2485621405351,9.99999999999983,1.57079632679496,-229.312759282061,-99.9999999999995,0
34.2685671417854,9.99999999999983,1.57079632679496,-229.112709269558,-99.9999999999995,0
34.2885721430358,9.99999999999983,1.57079632679496,-228.912659257055,-99.9999999999995,0
34.3085771442861,9.99999999999983,1.57079632679496,-228.712609244552,-99.9999999999995,0
34.3285821455364,9.99999999999983,1.57079632679496,-228.512559232049,-99.9999999999995,0
34.3485871467867,9.99999999999983,1.57079632679496,-228.312509219545,-99.9999999999995,0
34.368592148037,9.99999999999983,1.57079632679496,-228.112459207042,-99.9999999999995,0
34.3885971492873,9.99999999999983,1.57079632679496,-227.912409194539,-99.9999999999995,0
34.4086021505376,9.99999999999983,1.57079632679496,-227.712359182036,-99.9999999999995,0
34.4286071517879,9.99999999999983,1.57079632679496,-227.512309169533,-99.9999999999995,0
34.4486121530383,9.99999999999983,1.57079632679496,-227.31225915703,-99.9999999999995,0
34.4686171542886,9.99999999999983,1.57079632679496,-227.112209144526,-99.9999999999995,0
34.4886221555389,9.99999999999983,1.57079632679496,-226.912159132023,-99.9999999999995,0
34.5086271567892,9.99999999999983,1.57079632679496,-226.71210911952,-99.9999999999995,0
34.5286321580395,9.99999999999983,1.57079632679496,-226.512059107017,-99.9999999999995,0
34.5486371592898,9.99999999999983,1.57079632679496,-226.312009094514,-99.9999999999995,0
34.5686421605401,9.99999999999983,1.57079632679496,-226.111959082011,-99.9999999999995,0
34.5886471617904,9.99999999999983,1.57079632679496,-225.911909069507,-99.9999999999995,0
34.6086521630408,9.99999999999983,1.57079632679496,-225.711859057004,-99.9999999999995,0
34.6286571642911,9.99999999999983,1.57079632679496,-225.511809044501,-99.9999999999995,0
34.6486621655414,9.99999999999983,1.57079632679496,-225.311759031998,-99.9999999999995,0
34.6686671667917,9.99999999999983,1.57079632679496,-225.111709019495,-99.9999999999995,0
34.688672168042,9.99999999999983,1.57079632679496,-224.911659006991,-99.9999999999995,0
34.7086771692923,9.99999999999983,1.57079632679496,-224.711608994488,-99.9999999999995,0
34.7286821705426,9.99999999999983,1.57079632679496,-224.511558981985,-99.9999999999995,0
34.748687171793,9.99999999999983,1.57079632679496,-224.311508969482,-99.9999999999995,0
34.7686921730433,9.99999999999983,1.57079632679496,-224.111458956979,-99.9999999999995,0
34.7886971742936,9.99999999999983,1.57079632679496,-223.911408944476,-99.9999999999995,0
34.8087021755439,9.99999999999983,1.57079632679496,-223.711358931972,-99.9999999999995,0
34.8287071767942,9.99999999999983,1.57079632679496,-223.511308919469,-99.9999999999995,0
34.8487121780445,9.99999999999983,1.57079632679496,-223.311258906966,-99.9999999999995,0
34.8687171792948,9.99999999999983,1.57079632679496,-223.111208894463,-99.9999999999995,0
34.8887221805451,9.99999999999983,1.57079632679496,-222.91115888196,-99.9999999999995,0
34.9087271817954,9.99999999999983,1.57079632679496,-222.711108869457,-99.9999999999995,0
34.9287321830458,9.99999999999983,1.57079632679496,-222.511058856953,-99.9999999999995,0
34.9487371842961,9.99999999999983,1.57079632679496,-222.31100884445,-99.9999999999995,0
34.9687421855464,9.99999999999983,1.57079632679496,-222.110958831947,-99.9999999999995,0
34.9887471867967,9.99999999999983,1.57079632679496,-221.910908819444,-99.9999999999995,0
35.008752188047,9.99999999999983,1.57079632679496,-221.710858806941,-99.9999999999995,0
35.0287571892973,9.99999999999983,1.57079632679496,-221.510808794438,-99.9999999999995,0
35.0487621905476,9.99999999999983,1.57079632679496,-221.310758781934,-99.9999999999995,0
35.068767191798,9.99999999999983,1.57079632679496,-221.110708769431,-99.9999999999995,0
35.0887721930483,9.99999999999983,1.57079632679496,-220.910658756928,-99.9999999999995,0
35.1087771942986,9.99999999999983,1.57079632679496,-220.710608744425,-99.9999999999995,0
35.1287821955489,9.99999999999983,1.57079632679496,-220.510558731922,-99.9999999999995,0
35.1487871967992,9.99999999999983,1.57079632679496,-220.310508719419,-99.9999999999995,0
35.1687921980495,9.99999999999983,1.57079632679496,-220.110458706915,-99.9999999999995,0
35.1887971992998,9.99999999999983,1.57079632679496,-219.910408694412,-99.9999999999995,0
35.2088022005501,9.99999999999983,1.57079632679496,-219.710358681909,-99.9999999999995,0
35.2288072018004,9.99999999999983,1.57079632679496,-219.510308669406,-99.9999999999995,0
35.2488122030508,9.99999999999983,1.57079632679496,-219.310258656903,-99.9999999999995,0
35.2688172043011,9.99999999999983,1.57079632679496,-219.1102086444,-99.9999999999995,0
35.2888222055514,9.99999999999983,1.57079632679496,-218.910158631896,-99.9999999999995,0
35.3088272068017,9.99999999999983,1.57079632679496,-218.710108619393,-99.9999999999995,0
35.328832208052,9.99999999999983,1.57079632679496,-218.51005860689,-99.9999999999995,0
35.3488372093023,9.99999999999983,1.57079632679496,-218.310008594387,-99.9999999999995,0
35.3688422105526,9.99999999999983,1.57079632679496,-218.109958581884,-99.9999999999995,0
35.388847211803,9.99999999999983,1.57079632679496,-217.90990856938,-99.9999999999995,0
35.4088522130533,9.99999999999983,1.57079632679496,-217.709858556877,-99.9999999999995,0
35.4288572143036,9.99999999999983,1.57079632679496,-217.509808544374,-99.9999999999995,0
35.4488622155539,9.99999999999983,1.57079632679496,-217.309758531871,-99.9999999999995,0
35.4688672168042,9.99999999999983,1.57079632679496,-217.109708519368,-99.9999999999995,0
35.4888722180545,9.99999999999983,1.57079632679496,-216.909658506865,-99.9999999999995,0
35.5088772193048,9.99999999999983,1.57079632679496,-216.709608494361,-99.9999999999995,0
35.5288822205551,9.99999999999983,1.57079632679496,-216.509558481858,-99.9999999999995,0
35.5488872218055,9.99999999999983,1.57079632679496,-216.309508469355,-99.9999999999995,0
35.5688922230558,9.99999999999983,1.57079632679496,-216.109458456852,-99.9999999999995,0
35.5888972243061,9.99999999999983,1.57079632679496,-215.909408444349,-99.9999999999995,0
35.6089022255564,9.99999999999983,1.57079632679496,-215.709358431846,-99.9999999999995,0
35.6289072268067,9.99999999999983,1.57079632679496,-215.509308419342,-99.9999999999995,0
35.648912228057,9.99999999999983,1.57079632679496,-215.309258406839,-99.9999999999995,0
35.6689172293073,9.99999999999983,1.57079632679496,-215.109208394336,-99.9999999999995,0
35.6889222305576,9.99999999999983,1.57079632679496,-214.909158381833,-99.9999999999995,0
35.708927231808,9.99999999999983,1.57079632679496,-214.70910836933,-99.9999999999995,0
35.7289322330583,9.99999999999983,1.57079632679496,-214.509058356827,-99.9999999999995,0
35.7489372343086,9.99999999999983,1.57079632679496,-214.309008344323,-99.9999999999995,0
35.7689422355589,9.99999999999983,1.57079632679496,-214.10895833182,-99.9999999999995,0
35.7889472368092,9.99999999999983,1.57079632679496,-213.908908319317,-99.9999999999995,0
35.8089522380595,9.99999999999983,1.57079632679496,-213.708858306814,-99.9999999999995,0
35.8289572393098,9.99999999999983,1.57079632679496,-213.508808294311,-99.9999999999995,0
35.8489622405601,9.99999999999983,1.57079632679496,-213.308758281808,-99.9999999999995,0
35.8689672418105,9.99999999999983,1.57079632679496,-213.108708269304,-99.9999999999995,0
35.8889722430608,9.99999999999983,1.57079632679496,-212.908658256801,-99.9999999999995,0
35.9089772443111,9.99999999999983,1.57079632679496,-212.708608244298,-99.9999999999995,0
35.9289822455614,9.99999999999983,1.57079632679496,-212.508558231795,-99.9999999999995,0
35.9489872468117,9.99999999999983,1.57079632679496,-212.308508219292,-99.9999999999995,0
35.968992248062,9.99999999999983,1.57079632679496,-212.108458206789,-99.9999999999995,0
35.9889972493123,9.99999999999983,1.57079632679496,-211.908408194285,-99.9999999999995,0
36.0090022505626,9.99999999999983,1.57079632679496,-211.708358181782,-99.9999999999995,0
36.029007251813,9.99999999999983,1.57079632679496,-211.508308169279,-99.9999999999995,0
36.0490122530633,9.99999999999983,1.57079632679496,-211.308258156776,-99.9999999999995,0
36.0690172543136,9.99999999999983,1.57079632679496,-211.108208144273,-99.9999999999995,0
36.0890222555639,9.99999999999983,1.57079632679496,-210.90815813177,-99.9999999999995,0
36.1090272568142,9.99999999999983,1.57079632679496,-210.708108119266,-99.9999999999995,0
36.1290322580645,9.99999999999983,1.57079632679496,-210.508058106763,-99.9999999999995,0
36.1490372593148,9.99999999999983,1.57079632679496,-210.30800809426,-99.9999999999995,0
36.1690422605651,9.99999999999983,1.57079632679496,-210.107958081757,-99.9999999999995,0
36.1890472618155,9.99999999999983,1.57079632679496,-209.907908069254,-99.9999999999995,0
36.2090522630658,9.99999999999983,1.57079632679496,-209.70785805675,-99.9999999999995,0
36.2290572643161,9.99999999999983,1.57079632679496,-209.507808044247,-99.9999999999995,0
36.2490622655664,9.99999999999983,1.57079632679496,-209.307758031744,-99.9999999999995,0
36.2690672668167,9.99999999999983,1.57079632679496,-209.107708019241,-99.9999999999995,0
36.289072268067,9.99999999999983,1.57079632679496,-208.907658006738,-99.9999999999995,0
36.3090772693173,9.99999999999983,1.57079632679496,-208.707607994235,-99.9999999999995,0
36.3290822705676,9.99999999999983,1.57079632679496,-208.507557981732,-99.9999999999995,0
36.349087271818,9.99999999999983,1.57079632679496,-208.307507969228,-99.9999999999995,0
36.3690922730683,9.99999999999983,1.57079632679496,-208.107457956725,-99.9999999999995,0
36.3890972743186,9.99999999999983,1.57079632679496,-207.907407944222,-99.9999999999995,0
36.4091022755689,9.99999999999983,1.57079632679496,-207.707357931719,-99.9999999999995,0
36.4291072768192,9.99999999999983,1.57079632679496,-207.507307919216,-99.9999999999995,0
36.4491122780695,9.99999999999983,1.57079632679496,-207.307257906712,-99.9999999999995,0
36.4691172793198,9.99999999999983,1.57079632679496,-207.107207894209,-99.9999999999995,0
36.4891222805701,9.99999999999983,1.57079632679496,-206.907157881706,-99.9999999999995,0
36.5091272818205,9.99999999999983,1.57079632679496,-206.707107869203,-99.9999999999995,0
36.5291322830708,9.99999999999983,1.57079632679496,-206.5070578567,-99.9999999999995,0
36.5491372843211,9.99999999999983,1.57079632679496,-206.307007844197,-99.9999999999995,0
36.5691422855714,9.99999999999983,1.57079632679496,-206.106957831693,-99.9999999999995,0
36.5891472868217,9.99999999999983,1.57079632679496,-205.90690781919,-99.9999999999995,0
36.609152288072,9.99999999999983,1.57079632679496,-205.706857806687,-99.9999999999995,0
36.6291572893223,9.99999999999983,1.57079632679496,-205.506807794184,-99.9999999999995,0
36.6491622905726,9.99999999999983,1.57079632679496,-205.306757781681,-99.9999999999995,0
36.669167291823,9.99999999999983,1.57079632679496,-205.106707769177,-99.9999999999995,0
36.6891722930733,9.99999999999983,1.57079632679496,-204.906657756674,-99.9999999999995,0
36.7091772943236,9.99999999999983,1.57079632679496,-204.706607744171,-99.9999999999995,0
36.7291822955739,9.99999999999983,1.57079632679496,-204.506557731668,-99.9999999999995,0
36.7491872968242,9.99999999999983,1.57079632679496,-204.306507719165,-99.9999999999995,0
36.7691922980745,9.99999999999983,1.57079632679496,-204.106457706662,-99.9999999999995,0
36.7891972993248,9.99999999999983,1.57079632679496,-203.906407694159,-99.9999999999995,0
36.8092023005751,9.99999999999983,1.57079632679496,-203.706357681655,-99.9999999999995,0
36.8292073018255,9.99999999999983,1.57079632679496,-203.506307669152,-99.9999999999995,0
36.8492123030758,9.99999999999983,1.57079632679496,-203.306257656649,-99.9999999999995,0
36.8692173043261,9.99999999999983,1.57079632679496,-203.106207644146,-99.9999999999995,0
36.8892223055764,9.99999999999983,1.57079632679496,-202.906157631643,-99.9999999999995,0
36.9092273068267,9.99999999999983,1.57079632679496,-202.706107619139,-99.9999999999995,0
36.929232308077,9.99999999999983,1.57079632679496,-202.506057606636,-99.9999999999995,0
36.9492373093273,9.99999999999983,1.57079632679496,-202.306007594133,-99.9999999999995,0
36.9692423105776,9.99999999999983,1.57079632679496,-202.10595758163,-99.9999999999995,0
36.989247311828,9.99999999999983,1.57079632679496,-201.905907569127,-99.9999999999995,0
37.0092523130783,9.99999999999983,1.57079632679496,-201.705857556624,-99.9999999999995,0
37.0292573143286,9.99999999999983,1.57079632679496,-201.50580754412,-99.9999999999995,0
37.0492623155789,9.99999999999983,1.57079632679496,-201.305757531617,-99.9999999999995,0
37.0692673168292,9.99999999999983,1.57079632679496,-201.105707519114,-99.9999999999995,0
37.0892723180795,9.99999999999983,1.57079632679496,-200.905657506611,-99.9999999999995,0
37.1092773193298,9.99999999999983,1.57079632679496,-200.705607494108,-99.9999999999995,0
37.1292823205801,9.99999999999983,1.57079632679496,-200.505557481605,-99.9999999999995,0
37.1492873218305,9.99999999999983,1.57079632679496,-200.305507469101,-99.9999999999995,0
37.1692923230808,9.99999999999983,1.57079632679496,-200.105457456598,-99.9999999999995,0
37.1892973243311,9.99999999999983,1.57079632679496,-199.905407444095,-99.9999999999995,0
37.2093023255814,9.99999999999983,1.57079632679496,-199.705357431592,-99.9999999999995,0
37.2293073268317,9.99999999999983,1.57079632679496,-199.505307419089,-99.9999999999995,0
37.249312328082,9.99999999999983,1.57079632679496,-199.305257406586,-99.9999999999995,0
37.2693173293323,9.99999999999983,1.57079632679496,-199.105207394082,-99.9999999999995,0
37.2893223305826,9.99999999999983,1.57079632679496,-198.905157381579,-99.9999999999995,0
37.309327331833,9.99999999999983,1.57079632679496,-198.705107369076,-99.9999999999995,0
37.3293323330833,9.99999999999983,1.57079632679496,-198.505057356573,-99.9999999999995,0
37.3493373343336,9.99999999999983,1.57079632679496,-198.30500734407,-99.9999999999995,0
37.3693423355839,9.99999999999983,1.57079632679496,-198.104957331567,-99.9999999999995,0
37.3893473368342,9.99999999999983,1.57079632679496,-197.904907319063,-99.9999999999995,0
37.4093523380845,9.99999999999983,1.57079632679496,-197.70485730656,-99.9999999999995,0
37.4293573393348,9.99999999999983,1.57079632679496,-197.504807294057,-99.9999999999995,0
37.4493623405851,9.99999999999983,1.57079632679496,-197.304757281554,-99.9999999999995,0
37.4693673418355,9.99999999999983,1.57079632679496,-197.104707269051,-99.9999999999995,0
37.4893723430858,9.99999999999983,1.57079632679496,-196.904657256548,-99.9999999999995,0
37.5093773443361,9.99999999999983,1.57079632679496,-196.704607244044,-99.9999999999995,0
37.5293823455864,9.99999999999983,1.57079632679496,-196.504557231541,-99.9999999999995,0
37.5493873468367,9.99999999999983,1.57079632679496,-196.304507219038,-99.9999999999995,0
37.569392348087,9.99999999999983,1.57079632679496,-196.104457206535,-99.9999999999995,0
37.5893973493373,9.99999999999983,1.57079632679496,-195.904407194032,-99.9999999999995,0
37.6094023505876,9.99999999999983,1.57079632679496,-195.704357181529,-99.9999999999995,0
37.629407351838,9.99999999999983,1.57079632679496,-195.504307169025,-99.9999999999995,0
37.6494123530883,9.99999999999983,1.57079632679496,-195.304257156522,-99.9999999999995,0
37.6694173543386,9.99999999999983,1.57079632679496,-195.104207144019,-99.9999999999995,0
37.6894223555889,9.99999999999983,1.57079632679496,-194.904157131516,-99.9999999999995,0
37.7094273568392,9.99999999999983,1.57079632679496,-194.704107119013,-99.9999999999995,0
37.7294323580895,9.99999999999983,1.57079632679496,-194.504057106509,-99.9999999999995,0
37.7494373593398,9.99999999999983,1.57079632679496,-194.304007094006,-99.9999999999995,0
37.7694423605901,9.99999999999983,1.57079632679496,-194.103957081503,-99.9999999999995,0
37.7894473618405,9.99999999999983,1.57079632679496,-193.903907069,-99.9999999999995,0
37.8094523630908,9.99999999999983,1.57079632679496,-193.703857056497,-99.9999999999995,0
37.8294573643411,9.99999999999983,1.57079632679496,-193.503807043994,-99.9999999999995,0
37.8494623655914,9.99999999999983,1.57079632679496,-193.30375703149,-99.9999999999995,0
37.8694673668417,9.99999999999983,1.57079632679496,-193.103707018987,-99.9999999999995,0
37.889472368092,9.99999999999983,1.57079632679496,-192.903657006484,-99.9999999999995,0
37.9094773693423,9.99999999999983,1.57079632679496,-192.703606993981,-99.9999999999995,0
37.9294823705926,9.99999999999983,1.57079632679496,-192.503556981478,-99.9999999999995,0
37.949487371843,9.99999999999983,1.57079632679496,-192.303506968975,-99.9999999999995,0
37.9694923730933,9.99999999999983,1.57079632679496,-192.103456956471,-99.9999999999995,0
37.9894973743436,9.99999999999983,1.57079632679496,-191.903406943968,-99.9999999999995,0
38.0095023755939,9.99999999999983,1.57079632679496,-191.703356931465,-99.9999999999995,0
38.0295073768442,9.99999999999983,1.57079632679496,-191.503306918962,-99.9999999999995,0
38.0495123780945,9.99999999999983,1.57079632679496,-191.303256906459,-99.9999999999995,0
38.0695173793448,9.99999999999983,1.57079632679496,-191.103206893956,-99.9999999999995,0
38.0895223805951,9.99999999999983,1.57079632679496,-190.903156881452,-99.9999999999995,0
38.1095273818455,9.99999999999983,1.57079632679496,-190.703106868949,-99.9999999999995,0
38.1295323830958,9.99999999999983,1.57079632679496,-190.503056856446,-99.9999999999995,0
38.1495373843461,9.99999999999983,1.57079632679496,-190.303006843943,-99.9999999999995,0
38.1695423855964,9.99999999999983,1.57079632679496,-190.10295683144,-99.9999999999995,0
38.1895473868467,9.99999999999983,1.57079632679496,-189.902906818937,-99.9999999999995,0
38.209552388097,9.99999999999983,1.57079632679496,-189.702856806433,-99.9999999999995,0
38.2295573893473,9.99999999999983,1.57079632679496,-189.50280679393,-99.9999999999995,0
38.2495623905977,9.99999999999983,1.57079632679496,-189.302756781427,-99.9999999999995,0
38.269567391848,9.99999999999983,1.57079632679496,-189.102706768924,-99.9999999999995,0
38.2895723930983,9.99999999999983,1.57079632679496,-188.902656756421,-99.9999999999995,0
38.3095773943486,9.99999999999983,1.57079632679496,-188.702606743917,-99.9999999999995,0
38.3295823955989,9.99999999999983,1.57079632679496,-188.502556731414,-99.9999999999995,0
38.3495873968492,9.99999999999983,1.57079632679496,-188.302506718911,-99.9999999999995,0
38.3695923980995,9.99999999999983,1.57079632679496,-188.102456706408,-99.9999999999995,0
38.3895973993498,9.99999999999983,1.57079632679496,-187.902406693905,-99.9999999999995,0
38.4096024006001,9.99999999999983,1.57079632679496,-187.702356681402,-99.9999999999995,0
38.4296074018505,9.99999999999983,1.57079632679496,-187.502306668898,-99.9999999999995,0
38.4496124031008,9.99999999999983,1.57079632679496,-187.302256656395,-99.9999999999995,0
38.4696174043511,9.99999999999983,1.57079632679496,-187.102206643892,-99.9999999999995,0
38.4896224056014,9.99999999999983,1.57079632679496,-186.902156631389,-99.9999999999995,0
38.5096274068517,9.99999999999983,1.57079632679496,-186.702106618886,-99.9999999999995,0
38.529632408102,9.99999999999983,1.57079632679496,-186.502056606383,-99.9999999999995,0
38.5496374093523,9.99999999999983,1.57079632679496,-186.302006593879,-99.9999999999995,0
38.5696424106027,9.99999999999983,1.57079632679496,-186.101956581376,-99.9999999999995,0
38.589647411853,9.99999999999983,1.57079632679496,-185.901906568873,-99.9999999999995,0
38.6096524131033,9.99999999999983,1.57079632679496,-185.70185655637,-99.9999999999995,0
38.6296574143536,9.99999999999983,1.57079632679496,-185.501806543867,-99.9999999999995,0
38.6496624156039,9.99999999999983,1.57079632679496,-185.301756531364,-99.9999999999995,0
38.6696674168542,9.99999999999983,1.57079632679496,-185.10170651886,-99.9999999999995,0
38.6896724181045,9.99999999999983,1.57079632679496,-184.901656506357,-99.9999999999995,0
38.7096774193548,9.99999999999983,1.57079632679496,-184.701606493854,-99.9999999999995,0
38.7296824206052,9.99999999999983,1.57079632679496,-184.501556481351,-99.9999999999995,0
38.7496874218555,9.99999999999983,1.57079632679496,-184.301506468848,-99.9999999999995,0
38.7696924231058,9.99999999999983,1.57079632679496,-184.101456456345,-99.9999999999995,0
38.7896974243561,9.99999999999983,1.57079632679496,-183.901406443841,-99.9999999999995,0
38.8097024256064,9.99999999999983,1.57079632679496,-183.701356431338,-99.9999999999995,0
38.8297074268567,9.99999999999983,1.57079632679496,-183.501306418835,-99.9999999999995,0
38.849712428107,9.99999999999983,1.57079632679496,-183.301256406332,-99.9999999999995,0
38.8697174293573,9.99999999999983,1.57079632679496,-183.101206393829,-99.9999999999995,0
38.8897224306077,9.99999999999983,1.57079632679496,-182.901156381326,-99.9999999999995,0
38.909727431858,9.99999999999983,1.57079632679496,-182.701106368822,-99.9999999999995,0
38.9297324331083,9.99999999999983,1.57079632679496,-182.501056356319,-99.9999999999995,0
38.9497374343586,9.99999999999983,1.57079632679496,-182.301006343816,-99.9999999999995,0
38.9697424356089,9.99999999999983,1.57079632679496,-182.100956331313,-99.9999999999995,0
38.9897474368592,9.99999999999983,1.57079632679496,-181.90090631881,-99.9999999999995,0
39.0097524381095,9.99999999999983,1.57079632679496,-181.700856306306,-99.9999999999995,0
39.0297574393598,9.99999999999983,1.57079632679496,-181.500806293803,-99.9999999999995,0
39.0497624406102,9.99999999999983,1.57079632679496,-181.3007562813,-99.9999999999995,0
39.0697674418605,9.99999999999983,1.57079632679496,-181.100706268797,-99.9999999999995,0
39.0897724431108,9.99999999999983,1.57079632679496,-180.900656256294,-99.9999999999995,0
39.1097774443611,9.99999999999983,1.57079632679496,-180.700606243791,-99.9999999999995,0
39.1297824456114,9.99999999999983,1.57079632679496,-180.500556231287,-99.9999999999995,0
39.1497874468617,9.99999999999983,1.57079632679496,-180.300506218784,-99.9999999999995,0
39.169792448112,9.99999999999983,1.57079632679496,-180.100456206281,-99.9999999999995,0
39.1897974493623,9.99999999999983,1.57079632679496,-179.900406193778,-99.9999999999995,0
39.2098024506127,9.99999999999983,1.57079632679496,-179.700356181275,-99.9999999999995,0
39.229807451863,9.99999999999983,1.57079632679496,-179.500306168772,-99.9999999999995,0
39.2498124531133,9.99999999999983,1.57079632679496,-179.300256156268,-99.9999999999995,0
39.2698174543636,9.99999999999983,1.57079632679496,-179.100206143765,-99.9999999999995,0
39.2898224556139,9.99999999999983,1.57079632679496,-178.900156131262,-99.9999999999995,0
39.3098274568642,9.99999999999983,1.57079632679496,-178.700106118759,-99.9999999999995,0
39.3298324581145,9.99999999999983,1.57079632679496,-178.500056106256,-99.9999999999995,0
39.3498374593648,9.99999999999983,1.57079632679496,-178.300006093753,-99.9999999999995,0
39.3698424606152,9.99999999999983,1.57079632679496,-178.099956081249,-99.9999999999995,0
39.3898474618655,9.99999999999983,1.57079632679496,-177.899906068746,-99.9999999999995,0
39.4098524631158,9.99999999999983,1.57079632679496,-177.699856056243,-99.9999999999995,0
39.4298574643661,9.99999999999983,1.57079632679496,-177.49980604374,-99.9999999999995,0
39.4498624656164,9.99999999999983,1.57079632679496,-177.299756031237,-99.9999999999995,0
39.4698674668667,9.99999999999983,1.57079632679496,-177.099706018734,-99.9999999999995,0
39.489872468117,9.99999999999983,1.57079632679496,-176.89965600623,-99.9999999999995,0
39.5098774693673,9.99999999999983,1.57079632679496,-176.699605993727,-99.9999999999995,0
39.5298824706177,9.99999999999983,1.57079632679496,-176.499555981224,-99.9999999999995,0
39.549887471868,9.99999999999983,1.57079632679496,-176.299505968721,-99.9999999999995,0
39.5698924731183,9.99999999999983,1.57079632679496,-176.099455956218,-99.9999999999995,0
39.5898974743686,9.99999999999983,1.57079632679496,-175.899405943715,-99.9999999999995,0
39.6099024756189,9.99999999999983,1.57079632679496,-175.699355931211,-99.9999999999995,0
39.6299074768692,9.99999999999983,1.57079632679496,-175.499305918708,-99.9999999999995,0
39.6499124781195,9.99999999999983,1.57079632679496,-175.299255906205,-99.9999999999995,0
39.6699174793698,9.99999999999983,1.57079632679496,-175.099205893702,-99.9999999999995,0
39.6899224806202,9.99999999999983,1.57079632679496,-174.899155881199,-99.9999999999995,0
39.7099274818705,9.99999999999983,1.57079632679496,-174.699105868696,-99.9999999999995,0
39.7299324831208,9.99999999999983,1.57079632679496,-174.499055856192,-99.9999999999995,0
39.7499374843711,9.99999999999983,1.57079632679496,-174.299005843689,-99.9999999999995,0
39.7699424856214,9.99999999999983,1.57079632679496,-174.098955831186,-99.9999999999995,0
39.7899474868717,9.99999999999983,1.57079632679496,-173.898905818683,-99.9999999999995,0
39.809952488122,9.99999999999983,1.57079632679496,-173.69885580618,-99.9999999999995,0
39.8299574893723,9.99999999999983,1.57079632679496,-173.498805793677,-99.9999999999995,0
39.8499624906227,9.99999999999983,1.57079632679496,-173.298755781173,-99.9999999999995,0
39.869967491873,9.99999999999983,1.57079632679496,-173.09870576867,-99.9999999999995,0
39.8899724931233,9.99999999999983,1.57079632679496,-172.898655756167,-99.9999999999995,0
39.9099774943736,9.99999999999983,1.57079632679496,-172.698605743664,-99.9999999999995,0
39.9299824956239,9.99999999999983,1.57079632679496,-172.498555731161,-99.9999999999995,0
39.9499874968742,9.99999999999983,1.57079632679496,-172.298505718657,-99.9999999999995,0
39.9699924981245,9.99999999999983,1.57079632679496,-172.098455706154,-99.9999999999995,0
39.9899974993748,9.99999999999983,1.57079632679496,-171.898405693651,-99.9999999999995,0
40.0100025006252,9.99999999999983,1.57079632679496,-171.698355681148,-99.9999999999995,0
40.0300075018755,9.99999999999983,1.57079632679496,-171.498305668645,-99.9999999999995,0
40.0500125031258,9.99999999999983,1.57079632679496,-171.298255656142,-99.9999999999995,0
40.0700175043761,9.99999999999983,1.57079632679496,-171.098205643638,-99.9999999999995,0
40.0900225056264,9.99999999999983,1.57079632679496,-170.898155631135,-99.9999999999995,0
40.1100275068767,9.99999999999983,1.57079632679496,-170.698105618632,-99.9999999999995,0
40.130032508127,9.99999999999983,1.57079632679496,-170.498055606129,-99.9999999999995,0
40.1500375093773,9.99999999999983,1.57079632679496,-170.298005593626,-99.9999999999995,0
40.1700425106277,9.99999999999983,1.57079632679496,-170.097955581123,-99.9999999999995,0
40.190047511878,9.99999999999983,1.57079632679496,-169.897905568619,-99.9999999999995,0
40.2100525131283,9.99999999999983,1.57079632679496,-169.697855556116,-99.9999999999995,0
40.2300575143786,9.99999999999983,1.57079632679496,-169.497805543613,-99.9999999999995,0
40.2500625156289,9.99999999999983,1.57079632679496,-169.29775553111,-99.9999999999995,0
40.2700675168792,9.99999999999983,1.57079632679496,-169.097705518607,-99.9999999999995,0
40.2900725181295,9.99999999999983,1.57079632679496,-168.897655506104,-99.9999999999995,0
40.3100775193798,9.99999999999983,1.57079632679496,-168.6976054936,-99.9999999999995,0
40.3300825206302,9.99999999999983,1.57079632679496,-168.497555481097,-99.9999999999995,0
40.3500875218805,9.99999999999983,1.57079632679496,-168.297505468594,-99.9999999999995,0
40.3700925231308,9.99999999999983,1.57079632679496,-168.097455456091,-99.9999999999995,0
40.3900975243811,9.99999999999983,1.57079632679496,-167.897405443588,-99.9999999999995,0
40.4101025256314,9.99999999999983,1.57079632679496,-167.697355431085,-99.9999999999995,0
40.4301075268817,9.99999999999983,1.57079632679496,-167.497305418581,-99.9999999999995,0
40.450112528132,9.99999999999983,1.57079632679496,-167.297255406078,-99.9999999999995,0
40.4701175293823,9.99999999999983,1.57079632679496,-167.097205393575,-99.9999999999995,0
40.4901225306327,9.99999999999983,1.57079632679496,-166.897155381072,-99.9999999999995,0
40.510127531883,9.99999999999983,1.57079632679496,-166.697105368569,-99.9999999999995,0
40.5301325331333,9.99999999999983,1.57079632679496,-166.497055356065,-99.9999999999995,0
40.5501375343836,9.99999999999983,1.57079632679496,-166.297005343562,-99.9999999999995,0
40.5701425356339,9.99999999999983,1.57079632679496,-166.096955331059,-99.9999999999995,0
40.5901475368842,9.99999999999983,1.57079632679496,-165.896905318556,-99.9999999999995,0
40.6101525381345,9.99999999999983,1.57079632679496,-165.696855306053,-99.9999999999995,0
40.6301575393848,9.99999999999983,1.57079632679496,-165.49680529355,-99.9999999999995,0
40.6501625406352,9.99999999999983,1.57079632679496,-165.296755281047,-99.9999999999995,0
40.6701675418855,9.99999999999983,1.57079632679496,-165.096705268543,-99.9999999999995,0
40.6901725431358,9.99999999999983,1.57079632679496,-164.89665525604,-99.9999999999995,0
40.7101775443861,9.99999999999983,1.57079632679496,-164.696605243537,-99.9999999999995,0
40.7301825456364,9.99999999999983,1.57079632679496,-164.496555231034,-99.9999999999995,0
40.7501875468867,9.99999999999983,1.57079632679496,-164.296505218531,-99.9999999999995,0
40.770192548137,9.99999999999983,1.57079632679496,-164.096455206027,-99.9999999999995,0
40.7901975493873,9.99999999999983,1.57079632679496,-163.896405193524,-99.9999999999995,0
40.8102025506377,9.99999999999983,1.57079632679496,-163.696355181021,-99.9999999999995,0
40.830207551888,9.99999999999983,1.57079632679496,-163.496305168518,-99.9999999999995,0
40.8502125531383,9.99999999999983,1.57079632679496,-163.296255156015,-99.9999999999995,0
40.8702175543886,9.99999999999983,1.57079632679496,-163.096205143512,-99.9999999999995,0
40.8902225556389,9.99999999999983,1.57079632679496,-162.896155131008,-99.9999999999995,0
40.9102275568892,9.99999999999983,1.57079632679496,-162.696105118505,-99.9999999999995,0
40.9302325581395,9.99999999999983,1.57079632679496,-162.496055106002,-99.9999999999995,0
40.9502375593898,9.99999999999983,1.57079632679496,-162.296005093499,-99.9999999999995,0
40.9702425606402,9.99999999999983,1.57079632679496,-162.095955080996,-99.9999999999995,0
40.9902475618905,9.99999999999983,1.57079632679496,-161.895905068493,-99.9999999999995,0
41.0102525631408,9.99999999999983,1.57079632679496,-161.695855055989,-99.9999999999995,0
41.0302575643911,9.99999999999983,1.57079632679496,-161.495805043486,-99.9999999999995,0
41.0502625656414,9.99999999999983,1.57079632679496,-161.295755030983,-99.9999999999995,0
41.0702675668917,9.99999999999983,1.57079632679496,-161.09570501848,-99.9999999999995,0
41.090272568142,9.99999999999983,1.57079632679496,-160.895655005977,-99.9999999999995,0
41.1102775693923,9.99999999999983,1.57079632679496,-160.695604993474,-99.9999999999995,0
41.1302825706427,9.99999999999983,1.57079632679496,-160.49555498097,-99.9999999999995,0
41.150287571893,9.99999999999983,1.57079632679496,-160.295504968467,-99.9999999999995,0
41.1702925731433,9.99999999999983,1.57079632679496,-160.095454955964,-99.9999999999995,0
41.1902975743936,9.99999999999983,1.57079632679496,-159.895404943461,-99.9999999999995,0
41.2103025756439,9.99999999999983,1.57079632679496,-159.695354930958,-99.9999999999995,0
41.2303075768942,9.99999999999983,1.57079632679496,-159.495304918454,-99.9999999999995,0
41.2503125781445,9.99999999999983,1.57079632679496,-159.295254905951,-99.9999999999995,0
41.2703175793948,9.99999999999983,1.57079632679496,-159.095204893448,-99.9999999999995,0
41.2903225806452,9.99999999999983,1.57079632679496,-158.895154880945,-99.9999999999995,0
41.3103275818955,9.99999999999983,1.57079632679496,-158.695104868442,-99.9999999999995,0
41.3303325831458,9.99999999999983,1.57079632679496,-158.495054855939,-99.9999999999995,0
41.3503375843961,9.99999999999983,1.57079632679496,-158.295004843435,-99.9999999999995,0
41.3703425856464,9.99999999999983,1.57079632679496,-158.094954830932,-99.9999999999995,0
41.3903475868967,9.99999999999983,1.57079632679496,-157.894904818429,-99.9999999999995,0
41.410352588147,9.99999999999983,1.57079632679496,-157.694854805926,-99.9999999999995,0
41.4303575893973,9.99999999999983,1.57079632679496,-157.494804793423,-99.9999999999995,0
41.4503625906477,9.99999999999983,1.57079632679496,-157.29475478092,-99.9999999999995,0
41.470367591898,9.99999999999983,1.57079632679496,-157.094704768416,-99.9999999999995,0
41.4903725931483,9.99999999999983,1.57079632679496,-156.894654755913,-99.9999999999995,0
41.5103775943986,9.99999999999983,1.57079632679496,-156.69460474341,-99.9999999999995,0
41.5303825956489,9.99999999999983,1.57079632679496,-156.494554730907,-99.9999999999995,0
41.5503875968992,9.99999999999983,1.57079632679496,-156.294504718404,-99.9999999999995,0
41.5703925981495,9.99999999999983,1.57079632679496,-156.094454705901,-99.9999999999995,0
41.5903975993999,9.99999999999983,1.57079632679496,-155.894404693397,-99.9999999999995,0
41.6104026006502,9.99999999999983,1.57079632679496,-155.694354680894,-99.9999999999995,0
41.6304076019005,9.99999999999983,1.57079632679496,-155.494304668391,-99.9999999999995,0
41.6504126031508,9.99999999999983,1.57079632679496,-155.294254655888,-99.9999999999995,0
41.6704176044011,9.99999999999983,1.57079632679496,-155.094204643385,-99.9999999999995,0
41.6904226056514,9.99999999999983,1.57079632679496,-154.894154630882,-99.9999999999995,0
41.7104276069017,9.99999999999983,1.57079632679496,-154.694104618378,-99.9999999999995,0
41.730432608152,9.99999999999983,1.57079632679496,-154.494054605875,-99.9999999999995,0
41.7504376094023,9.99999999999983,1.57079632679496,-154.294004593372,-99.9999999999995,0
41.7704426106527,9.99999999999983,1.57079632679496,-154.093954580869,-99.9999999999995,0
41.790447611903,9.99999999999983,1.57079632679496,-153.893904568366,-99.9999999999995,0
41.8104526131533,9.99999999999983,1.57079632679496,-153.693854555863,-99.9999999999995,0
41.8304576144036,9.99999999999983,1.57079632679496,-153.493804543359,-99.9999999999995,0
41.8504626156539,9.99999999999983,1.57079632679496,-153.293754530856,-99.9999999999995,0
41.8704676169042,9.99999999999983,1.57079632679496,-153.093704518353,-99.9999999999995,0
41.8904726181545,9.99999999999983,1.57079632679496,-152.89365450585,-99.9999999999995,0
41.9104776194049,9.99999999999983,1.57079632679496,-152.693604493347,-99.9999999999995,0
41.9304826206552,9.99999999999983,1.57079632679496,-152.493554480843,-99.9999999999995,0
41.9504876219055,9.99999999999983,1.57079632679496,-152.29350446834,-99.9999999999995,0
41.9704926231558,9.99999999999983,1.57079632679496,-152.093454455837,-99.9999999999995,0
41.9904976244061,9.99999999999983,1.57079632679496,-151.893404443334,-99.9999999999995,0
42.0105026256564,9.99999999999983,1.57079632679496,-151.693354430831,-99.9999999999995,0
42.0305076269067,9.99999999999983,1.57079632679496,-151.493304418328,-99.9999999999995,0
42.050512628157,9.99999999999983,1.57079632679496,-151.293254405824,-99.9999999999995,0
42.0705176294074,9.99999999999983,1.57079632679496,-151.093204393321,-99.9999999999995,0
42.0905226306577,9.99999999999983,1.57079632679496,-150.893154380818,-99.9999999999995,0
42.110527631908,9.99999999999983,1.57079632679496,-150.693104368315,-99.9999999999995,0
42.1305326331583,9.99999999999983,1.57079632679496,-150.493054355812,-99.9999999999995,0
42.1505376344086,9.99999999999983,1.57079632679496,-150.293004343309,-99.9999999999995,0
42.1705426356589,9.99999999999983,1.57079632679496,-150.092954330805,-99.9999999999995,0
42.1905476369092,9.99999999999983,1.57079632679496,-149.892904318302,-99.9999999999995,0
42.2105526381595,9.99999999999983,1.57079632679496,-149.692854305799,-99.9999999999995,0
42.2305576394099,9.99999999999983,1.57079632679496,-149.492804293296,-99.9999999999995,0
42.2505626406602,9.99999999999983,1.57079632679496,-149.292754280793,-99.9999999999995,0
42.2705676419105,9.99999999999983,1.57079632679496,-149.09270426829,-99.9999999999995,0
42.2905726431608,9.99999999999983,1.57079632679496,-148.892654255786,-99.9999999999995,0
42.3105776444111,9.99999999999983,1.57079632679496,-148.692604243283,-99.9999999999995,0
42.3305826456614,9.99999999999983,1.57079632679496,-148.49255423078,-99.9999999999995,0
42.3505876469117,9.99999999999983,1.57079632679496,-148.292504218277,-99.9999999999995,0
42.370592648162,9.99999999999983,1.57079632679496,-148.092454205774,-99.9999999999995,0
42.3905976494124,9.99999999999983,1.57079632679496,-147.892404193271,-99.9999999999995,0
42.4106026506627,9.99999999999983,1.57079632679496,-147.692354180767,-99.9999999999995,0
42.430607651913,9.99999999999983,1.57079632679496,-147.492304168264,-99.9999999999995,0
42.4506126531633,9.99999999999983,1.57079632679496,-147.292254155761,-99.9999999999995,0
42.4706176544136,9.99999999999983,1.57079632679496,-147.092204143258,-99.9999999999995,0
42.4906226556639,9.99999999999983,1.57079632679496,-146.892154130755,-99.9999999999995,0
42.5106276569142,9.99999999999983,1.57079632679496,-146.692104118252,-99.9999999999995,0
42.5306326581645,9.99999999999983,1.57079632679496,-146.492054105748,-99.9999999999995,0
42.5506376594149,9.99999999999983,1.57079632679496,-146.292004093245,-99.9999999999995,0
42.5706426606652,9.99999999999983,1.57079632679496,-146.091954080742,-99.9999999999995,0
42.5906476619155,9.99999999999983,1.57079632679496,-145.891904068239,-99.9999999999995,0
42.6106526631658,9.99999999999983,1.57079632679496,-145.691854055736,-99.9999999999995,0
42.6306576644161,9.99999999999983,1.57079632679496,-145.491804043232,-99.9999999999995,0
42.6506626656664,9.99999999999983,1.57079632679496,-145.291754030729,-99.9999999999995,0
42.6706676669167,9.99999999999983,1.57079632679496,-145.091704018226,-99.9999999999995,0
42.690672668167,9.99999999999983,1.57079632679496,-144.891654005723,-99.9999999999995,0
42.7106776694174,9.99999999999983,1.57079632679496,-144.69160399322,-99.9999999999995,0
42.7306826706677,9.99999999999983,1.57079632679496,-144.491553980717,-99.9999999999995,0
42.750687671918,9.99999999999983,1.57079632679496,-144.291503968213,-99.9999999999995,0
42.7706926731683,9.99999999999983,1.57079632679496,-144.09145395571,-99.9999999999995,0
42.7906976744186,9.99999999999983,1.57079632679496,-143.891403943207,-99.9999999999995,0
42.8107026756689,9.99999999999983,1.57079632679496,-143.691353930704,-99.9999999999995,0
42.8307076769192,9.99999999999983,1.57079632679496,-143.491303918201,-99.9999999999995,0
42.8507126781695,9.99999999999983,1.57079632679496,-143.291253905698,-99.9999999999995,0
42.8707176794199,9.99999999999983,1.57079632679496,-143.091203893194,-99.9999999999995,0
42.8907226806702,9.99999999999983,1.57079632679496,-142.891153880691,-99.9999999999995,0
42.9107276819205,9.99999999999983,1.57079632679496,-142.691103868188,-99.9999999999995,0
42.9307326831708,9.99999999999983,1.57079632679496,-142.491053855685,-99.9999999999995,0
42.9507376844211,9.99999999999983,1.57079632679496,-142.291003843182,-99.9999999999995,0
42.9707426856714,9.99999999999983,1.57079632679496,-142.090953830679,-99.9999999999995,0
42.9907476869217,9.99999999999983,1.57079632679496,-141.890903818175,-99.9999999999995,0
43.010752688172,9.99999999999983,1.57079632679496,-141.690853805672,-99.9999999999995,0
43.0307576894224,9.99999999999983,1.57079632679496,-141.490803793169,-99.9999999999995,0
43.0507626906727,9.99999999999983,1.57079632679496,-141.290753780666,-99.9999999999995,0
43.070767691923,9.99999999999983,1.57079632679496,-141.090703768163,-99.9999999999995,0
43.0907726931733,9.99999999999983,1.57079632679496,-140.89065375566,-99.9999999999995,0
43.1107776944236,9.99999999999983,1.57079632679496,-140.690603743156,-99.9999999999995,0
43.1307826956739,9.99999999999983,1.57079632679496,-140.490553730653,-99.9999999999995,0
43.1507876969242,9.99999999999983,1.57079632679496,-140.29050371815,-99.9999999999995,0
43.1707926981745,9.99999999999983,1.57079632679496,-140.090453705647,-99.9999999999995,0
43.1907976994249,9.99999999999983,1.57079632679496,-139.890403693144,-99.9999999999995,0
43.2108027006752,9.99999999999983,1.57079632679496,-139.690353680641,-99.9999999999995,0
43.2308077019255,9.99999999999983,1.57079632679496,-139.490303668137,-99.9999999999995,0
43.2508127031758,9.99999999999983,1.57079632679496,-139.290253655634,-99.9999999999995,0
43.2708177044261,9.99999999999983,1.57079632679496,-139.090203643131,-99.9999999999995,0
43.2908227056764,9.99999999999983,1.57079632679496,-138.890153630628,-99.9999999999995,0
43.3108277069267,9.99999999999983,1.57079632679496,-138.690103618125,-99.9999999999995,0
43.330832708177,9.99999999999983,1.57079632679496,-138.490053605622,-99.9999999999995,0
43.3508377094274,9.99999999999983,1.57079632679496,-138.290003593118,-99.9999999999995,0
43.3708427106777,9.99999999999983,1.57079632679496,-138.089953580615,-99.9999999999995,0
43.390847711928,9.99999999999983,1.57079632679496,-137.889903568112,-99.9999999999995,0
43.4108527131783,9.99999999999983,1.57079632679496,-137.689853555609,-99.9999999999995,0
43.4308577144286,9.99999999999983,1.57079632679496,-137.489803543106,-99.9999999999995,0
43.4508627156789,9.99999999999983,1.57079632679496,-137.289753530602,-99.9999999999995,0
43.4708677169292,9.99999999999983,1.57079632679496,-137.089703518099,-99.9999999999995,0
43.4908727181795,9.99999999999983,1.57079632679496,-136.889653505596,-99.9999999999995,0
43.5108777194299,9.99999999999983,1.57079632679496,-136.689603493093,-99.9999999999995,0
43.5308827206802,9.99999999999983,1.57079632679496,-136.48955348059,-99.9999999999995,0
43.5508877219305,9.99999999999983,1.57079632679496,-136.289503468087,-99.9999999999995,0
43.5708927231808,9.99999999999983,1.57079632679496,-136.089453455583,-99.9999999999995,0
43.5908977244311,9.99999999999983,1.57079632679496,-135.88940344308,-99.9999999999995,0
43.6109027256814,9.99999999999983,1.57079632679496,-135.689353430577,-99.9999999999995,0
43.6309077269317,9.99999999999983,1.57079632679496,-135.489303418074,-99.9999999999995,0
43.650912728182,9.99999999999983,1.57079632679496,-135.289253405571,-99.9999999999995,0
43.6709177294324,9.99999999999983,1.57079632679496,-135.089203393068,-99.9999999999995,0
43.6909227306827,9.99999999999983,1.57079632679496,-134.889153380564,-99.9999999999995,0
43.710927731933,9.99999999999983,1.57079632679496,-134.689103368061,-99.9999999999995,0
43.7309327331833,9.99999999999983,1.57079632679496,-134.489053355558,-99.9999999999995,0
43.7509377344336,9.99999999999983,1.57079632679496,-134.289003343055,-99.9999999999995,0
43.7709427356839,9.99999999999983,1.57079632679496,-134.088953330552,-99.9999999999995,0
43.7909477369342,9.99999999999983,1.57079632679496,-133.888903318049,-99.9999999999995,0
43.8109527381845,9.99999999999983,1.57079632679496,-133.688853305545,-99.9999999999995,0
43.8309577394349,9.99999999999983,1.57079632679496,-133.488803293042,-99.9999999999995,0
43.8509627406852,9.99999999999983,1.57079632679496,-133.288753280539,-99.9999999999995,0
43.8709677419355,9.99999999999983,1.57079632679496,-133.088703268036,-99.9999999999995,0
43.8909727431858,9.99999999999983,1.57079632679496,-132.888653255533,-99.9999999999995,0
43.9109777444361,9.99999999999983,1.57079632679496,-132.68860324303,-99.9999999999995,0
43.9309827456864,9.99999999999983,1.57079632679496,-132.488553230526,-99.9999999999995,0
43.9509877469367,9.99999999999983,1.57079632679496,-132.288503218023,-99.9999999999995,0
43.970992748187,9.99999999999983,1.57079632679496,-132.08845320552,-99.9999999999995,0
43.9909977494374,9.99999999999983,1.57079632679496,-131.888403193017,-99.9999999999995,0
44.0110027506877,9.99999999999983,1.57079632679496,-131.688353180514,-99.9999999999995,0
44.031007751938,9.99999999999983,1.57079632679496,-131.488303168011,-99.9999999999995,0
44.0510127531883,9.99999999999983,1.57079632679496,-131.288253155507,-99.9999999999995,0
44.0710177544386,9.99999999999983,1.57079632679496,-131.088203143004,-99.9999999999995,0
44.0910227556889,9.99999999999983,1.57079632679496,-130.888153130501,-99.9999999999995,0
44.1110277569392,9.99999999999983,1.57079632679496,-130.688103117998,-99.9999999999995,0
44.1310327581895,9.99999999999983,1.57079632679496,-130.488053105495,-99.9999999999995,0
44.1510377594399,9.99999999999983,1.57079632679496,-130.288003092992,-99.9999999999995,0
44.1710427606902,9.99999999999983,1.57079632679496,-130.087953080488,-99.9999999999995,0
44.1910477619405,9.99999999999983,1.57079632679496,-129.887903067985,-99.9999999999995,0
44.2110527631908,9.99999999999983,1.57079632679496,-129.687853055482,-99.9999999999995,0
44.2310577644411,9.99999999999983,1.57079632679496,-129.487803042979,-99.9999999999995,0
44.2510627656914,9.99999999999983,1.57079632679496,-129.287753030476,-99.9999999999995,0
44.2710677669417,9.99999999999983,1.57079632679496,-129.087703017972,-99.9999999999995,0
44.291072768192,9.99999999999983,1.57079632679496,-128.887653005469,-99.9999999999995,0
44.3110777694424,9.99999999999983,1.57079632679496,-128.687602992966,-99.9999999999995,0
44.3310827706927,9.99999999999983,1.57079632679496,-128.487552980463,-99.9999999999995,0
44.351087771943,9.99999999999983,1.57079632679496,-128.28750296796,-99.9999999999995,0
44.3710927731933,9.99999999999983,1.57079632679496,-128.087452955457,-99.9999999999995,0
44.3910977744436,9.99999999999983,1.57079632679496,-127.887402942954,-99.9999999999995,0
44.4111027756939,9.99999999999983,1.57079632679496,-127.68735293045,-99.9999999999995,0
44.4311077769442,9.99999999999983,1.57079632679496,-127.487302917947,-99.9999999999995,0
44.4511127781945,9.99999999999983,1.57079632679496,-127.287252905444,-99.9999999999995,0
44.4711177794449,9.99999999999983,1.57079632679496,-127.087202892941,-99.9999999999995,0
44.4911227806952,9.99999999999983,1.57079632679496,-126.887152880438,-99.9999999999995,0
44.5111277819455,9.99999999999983,1.57079632679496,-126.687102867935,-99.9999999999995,0
44.5311327831958,9.99999999999983,1.57079632679496,-126.487052855432,-99.9999999999995,0
44.5511377844461,9.99999999999983,1.57079632679496,-126.287002842929,-99.9999999999995,0
44.5711427856964,9.99999999999983,1.57079632679496,-126.086952830425,-99.9999999999995,0
44.5911477869467,9.99999999999983,1.57079632679496,-125.886902817922,-99.9999999999995,0
44.611152788197,9.99999999999983,1.57079632679496,-125.686852805419,-99.9999999999995,0
44.6311577894474,9.99999999999983,1.57079632679496,-125.486802792916,-99.9999999999995,0
44.6511627906977,9.99999999999983,1.57079632679496,-125.286752780413,-99.9999999999995,0
44.671167791948,9.99999999999983,1.57079632679496,-125.08670276791,-99.9999999999995,0
44.6911727931983,9.99999999999983,1.57079632679496,-124.886652755407,-99.9999999999995,0
44.7111777944486,9.99999999999983,1.57079632679496,-124.686602742904,-99.9999999999995,0
44.7311827956989,9.99999999999983,1.57079632679496,-124.486552730401,-99.9999999999995,0
44.7511877969492,9.99999999999983,1.57079632679496,-124.286502717897,-99.9999999999995,0
44.7711927981996,9.99999999999983,1.57079632679496,-124.086452705394,-99.9999999999995,0
44.7911977994499,9.99999999999983,1.57079632679496,-123.886402692891,-99.9999999999995,0
44.8112028007002,9.99999999999983,1.57079632679496,-123.686352680388,-99.9999999999995,0
44.8312078019505,9.99999999999983,1.57079632679496,-123.486302667885,-99.9999999999995,0
44.8512128032008,9.99999999999983,1.57079632679496,-123.286252655382,-99.9999999999995,0
44.8712178044511,9.99999999999983,1.57079632679496,-123.086202642879,-99.9999999999995,0
44.8912228057014,9.99999999999983,1.57079632679496,-122.886152630376,-99.9999999999995,0
44.9112278069517,9.99999999999983,1.57079632679496,-122.686102617873,-99.9999999999995,0
44.931232808202,9.99999999999983,1.57079632679496,-122.486052605369,-99.9999999999995,0
44.9512378094524,9.99999999999983,1.57079632679496,-122.286002592866,-99.9999999999995,0
44.9712428107027,9.99999999999983,1.57079632679496,-122.085952580363,-99.9999999999995,0
44.991247811953,9.99999999999983,1.57079632679496,-121.88590256786,-99.9999999999995,0
45.0112528132033,9.99999999999983,1.57079632679496,-121.685852555357,-99.9999999999995,2
45.0312578144536,9.99999999999983,1.57079632679496,-121.485802542854,-99.9999999999995,2
45.0512628157039,9.99999999999983,1.57079632679496,-121.285752530351,-99.9999999999995,2
45.0712678169542,9.99999999999983,1.57079632679496,-121.085702517848,-99.9999999999995,2
45.0912728182046,9.99999999999983,1.57079632679496,-120.885652505344,-99.9999999999995,2
45.1112778194549,9.99999999999983,1.57079632679496,-120.685602492841,-99.9999999999995,2
45.1312828207052,9.99999999999983,1.57079632679496,-120.485552480338,-99.9999999999995,2
45.1512878219555,9.99999999999983,1.57079632679496,-120.285502467835,-99.9999999999995,2
45.1712928232058,9.99999999999983,1.57079632679496,-120.085452455332,-99.9999999999995,2
45.1912978244561,9.99999999999983,1.57079632679496,-119.885402442829,-99.9999999999995,2
45.2113028257064,9.99999999999983,1.57079632679496,-119.685352430326,-99.9999999999995,2
45.2313078269567,9.99999999999983,1.57079632679496,-119.485302417823,-99.9999999999995,2
45.251312828207,9.99999999999983,1.57079632679496,-119.28525240532,-99.9999999999995,2
45.2713178294574,9.99999999999983,1.57079632679496,-119.085202392816,-99.9999999999995,2
45.2913228307077,9.99999999999983,1.57079632679496,-118.885152380313,-99.9999999999995,2
45.311327831958,9.99999999999983,1.57079632679496,-118.68510236781,-99.9999999999995,2
45.3313328332083,9.99999999999983,1.57079632679496,-118.485052355307,-99.9999999999995,2
45.3513378344586,9.99999999999983,1.57079632679496,-118.285002342804,-99.9999999999995,2
45.3713428357089,9.99999999999983,1.57079632679496,-118.084952330301,-99.9999999999995,2
45.3913478369592,9.99999999999983,1.57079632679496,-117.884902317798,-99.9999999999995,2
45.4113528382096,9.99999999999983,1.57079632679496,-117.684852305295,-99.9999999999995,2
45.4313578394599,9.99999999999983,1.57079632679496,-117.484802292792,-99.9999999999995,2
45.4513628407102,9.99999999999983,1.57079632679496,-117.284752280288,-99.9999999999995,2
45.4713678419605,9.99999999999983,1.57079632679496,-117.084702267785,-99.9999999999995,2
45.4913728432108,9.99999999999983,1.57079632679496,-116.884652255282,-99.9999999999995,2
45.5113778444611,9.99999999999983,1.57079632679496,-116.684602242779,-99.9999999999995,2
45.5313828457114,9.99999999999983,1.57079632679496,-116.484552230276,-99.9999999999995,2
45.5513878469617,9.99999999999983,1.57079632679496,-116.284502217773,-99.9999999999995,2
45.5713928482121,9.99999999999983,1.57079632679496,-116.08445220527,-99.9999999999995,2
45.5913978494624,9.99999999999983,1.57079632679496,-115.884402192767,-99.9999999999995,2
45.6114028507127,9.99999999999983,1.57079632679496,-115.684352180263,-99.9999999999995,2
45.631407851963,9.99999999999983,1.57079632679496,-115.48430216776,-99.9999999999995,2
45.6514128532133,9.99999999999983,1.57079632679496,-115.284252155257,-99.9999999999995,2
45.6714178544636,9.99999999999983,1.57079632679496,-115.084202142754,-99.9999999999995,2
45.6914228557139,9.99999999999983,1.57079632679496,-114.884152130251,-99.9999999999995,2
45.7114278569642,9.99999999999983,1.57079632679496,-114.684102117748,-99.9999999999995,2
45.7314328582146,9.99999999999983,1.57079632679496,-114.484052105245,-99.9999999999995,2
45.7514378594649,9.99999999999983,1.57079632679496,-114.284002092742,-99.9999999999995,2
45.7714428607152,9.99999999999983,1.57079632679496,-114.083952080239,-99.9999999999995,2
45.7914478619655,9.99999999999983,1.57079632679496,-113.883902067735,-99.9999999999995,2
45.8114528632158,9.99999999999983,1.57079632679496,-113.683852055232,-99.9999999999995,2
45.8314578644661,9.99999999999983,1.57079632679496,-113.483802042729,-99.9999999999995,2
45.8514628657164,9.99999999999983,1.57079632679496,-113.283752030226,-99.9999999999995,2
45.8714678669667,9.99999999999983,1.57079632679496,-113.083702017723,-99.9999999999995,2
45.8914728682171,9.99999999999983,1.57079632679496,-112.88365200522,-99.9999999999995,2
45.9114778694674,9.99999999999983,1.57079632679496,-112.683601992717,-99.9999999999995,2
45.9314828707177,9.99999999999983,1.57079632679496,-112.483551980214,-99.9999999999995,2
45.951487871968,9.99999999999983,1.57079632679496,-112.283501967711,-99.9999999999995,2
45.9714928732183,9.99999999999983,1.57079632679496,-112.083451955207,-99.9999999999995,2
45.9914978744686,9.99999999999983,1.57079632679496,-111.883401942704,-99.9999999999995,2
46.0115028757189,9.99999999999983,1.57079632679496,-111.683351930201,-99.9999999999995,2
46.0315078769692,9.99999999999983,1.57079632679496,-111.483301917698,-99.9999999999995,2
46.0515128782196,9.99999999999983,1.57079632679496,-111.283251905195,-99.9999999999995,2
46.0715178794699,9.99999999999983,1.57079632679496,-111.083201892692,-99.9999999999995,2
46.0915228807202,9.99999999999983,1.57079632679496,-110.883151880189,-99.9999999999995,2
46.1115278819705,9.99999999999983,1.57079632679496,-110.683101867686,-99.9999999999995,2
46.1315328832208,9.99999999999983,1.57079632679496,-110.483051855182,-99.9999999999995,2
46.1515378844711,9.99999999999983,1.57079632679496,-110.283001842679,-99.9999999999995,2
46.1715428857214,9.99999999999983,1.57079632679496,-110.082951830176,-99.9999999999995,2
46.1915478869717,9.99999999999983,1.57079632679496,-109.882901817673,-99.9999999999995,2
46.2115528882221,9.99999999999983,1.57079632679496,-109.68285180517,-99.9999999999995,2
46.2315578894724,9.99999999999983,1.57079632679496,-109.482801792667,-99.9999999999995,2
46.2515628907227,9.99999999999983,1.57079632679496,-109.282751780164,-99.9999999999995,2
46.271567891973,9.99999999999983,1.57079632679496,-109.082701767661,-99.9999999999995,2
46.2915728932233,9.99999999999983,1.57079632679496,-108.882651755158,-99.9999999999995,2
46.3115778944736,9.99999999999983,1.57079632679496,-108.682601742655,-99.9999999999995,2
46.3315828957239,9.99999999999983,1.57079632679496,-108.482551730151,-99.9999999999995,2
46.3515878969742,9.99999999999983,1.57079632679496,-108.282501717648,-99.9999999999995,2
46.3715928982246,9.99999999999983,1.57079632679496,-108.082451705145,-99.9999999999995,2
46.3915978994749,9.99999999999983,1.57079632679496,-107.882401692642,-99.9999999999995,2
46.4116029007252,9.99999999999983,1.57079632679496,-107.682351680139,-99.9999999999995,2
46.4316079019755,9.99999999999983,1.57079632679496,-107.482301667636,-99.9999999999995,2
46.4516129032258,9.99999999999983,1.57079632679496,-107.282251655133,-99.9999999999995,2
46.4716179044761,9.99999999999983,1.57079632679496,-107.08220164263,-99.9999999999995,2
46.4916229057264,9.99999999999983,1.57079632679496,-106.882151630126,-99.9999999999995,2
46.5116279069767,9.99999999999983,1.57079632679496,-106.682101617623,-99.9999999999995,2
46.5316329082271,9.99999999999983,1.57079632679496,-106.48205160512,-99.9999999999995,2
46.5516379094774,9.99999999999983,1.57079632679496,-106.282001592617,-99.9999999999995,2
46.5716429107277,9.99999999999983,1.57079632679496,-106.081951580114,-99.9999999999995,2
46.591647911978,9.99999999999983,1.57079632679496,-105.881901567611,-99.9999999999995,2
46.6116529132283,9.99999999999983,1.57079632679496,-105.681851555108,-99.9999999999995,2
46.6316579144786,9.99999999999983,1.57079632679496,-105.481801542605,-99.9999999999995,2
46.6516629157289,9.99999999999983,1.57079632679496,-105.281751530102,-99.9999999999995,2
46.6716679169792,9.99999999999983,1.57079632679496,-105.081701517598,-99.9999999999995,2
46.6916729182296,9.99999999999983,1.57079632679496,-104.881651505095,-99.9999999999995,2
46.7116779194799,9.99999999999983,1.57079632679496,-104.681601492592,-99.9999999999995,2
46.7316829207302,9.99999999999983,1.57079632679496,-104.481551480089,-99.9999999999995,2
46.7516879219805,9.99999999999983,1.57079632679496,-104.281501467586,-99.9999999999995,2
46.7716929232308,9.99999999999983,1.57079632679496,-104.081451455083,-99.9999999999995,2
46.7916979244811,9.99999999999983,1.57079632679496,-103.88140144258,-99.9999999999995,2
46.8117029257314,9.99999999999983,1.57079632679496,-103.681351430077,-99.9999999999995,2
46.8317079269817,9.99999999999983,1.57079632679496,-103.481301417574,-99.9999999999995,2
46.8517129282321,9.99999999999983,1.57079632679496,-103.28125140507,-99.9999999999995,2
46.8717179294824,9.99999999999983,1.57079632679496,-103.081201392567,-99.9999999999995,2
46.8917229307327,9.99999999999983,1.57079632679496,-102.881151380064,-99.9999999999995,2
46.911727931983,9.99999999999983,1.57079632679496,-102.681101367561,-99.9999999999995,2
46.9317329332333,9.99999999999983,1.57079632679496,-102.481051355058,-99.9999999999995,2
46.9517379344836,9.99999999999983,1.57079632679496,-102.281001342555,-99.9999999999995,2
46.9717429357339,9.99999999999983,1.57079632679496,-102.080951330052,-99.9999999999995,2
46.9917479369842,9.99999999999983,1.57079632679496,-101.880901317549,-99.9999999999995,2
47.0117529382346,9.99999999999983,1.57079632679496,-101.680851305046,-99.9999999999995,2
47.0317579394849,9.99999999999983,1.57079632679496,-101.480801292542,-99.9999999999995,2
47.0517629407352,9.99999999999983,1.57079632679496,-101.280751280039,-99.9999999999995,2
47.0717679419855,9.99999999999983,1.57079632679496,-101.080701267536,-99.9999999999995,2
47.0917729432358,9.99999999999983,1.57079632679496,-100.880651255033,-99.9999999999995,2
47.1117779444861,9.99999999999983,1.57079632679496,-100.68060124253,-99.9999999999995,2
47.1317829457364,9.99999999999983,1.57079632679496,-100.480551230027,-99.9999999999995,2
47.1517879469867,9.99999999999983,1.57079632679496,-100.280501217524,-99.9999999999995,2
47.1717929482371,9.99999999999983,1.57079632679496,-100.080451205021,-99.9999999999995,2
47.1917979494874,9.99999999999983,1.57079632679496,-99.8804011925175,-99.9999999999995,2
47.2118029507377,9.99999999999983,1.57079632679496,-99.6803511800143,-99.9999999999995,2
47.231807951988,9.99999999999983,1.57079632679496,-99.4803011675112,-99.9999999999995,2
47.2518129532383,9.99999999999983,1.57079632679496,-99.2802511550081,-99.9999999999995,2
47.2718179544886,9.99999999999983,1.57079632679496,-99.080201142505,-99.9999999999995,2
47.2918229557389,9.99999999999983,1.57079632679496,-98.8801511300019,-99.9999999999995,2
47.3118279569892,9.99999999999983,1.57079632679496,-98.6801011174988,-99.9999999999995,2
47.3318329582396,9.99999999999983,1.57079632679496,-98.4800511049957,-99.9999999999995,2
47.3518379594899,9.99999999999983,1.57079632679496,-98.2800010924926,-99.9999999999995,2
47.3718429607402,9.99999999999983,1.57079632679496,-98.0799510799895,-99.9999999999995,2
47.3918479619905,9.99999999999983,1.57079632679496,-97.8799010674863,-99.9999999999995,2
47.4118529632408,9.99999999999983,1.57079632679496,-97.6798510549832,-99.9999999999995,2
47.4318579644911,9.99999999999983,1.57079632679496,-97.4798010424801,-99.9999999999995,2
47.4518629657414,9.99999999999983,1.57079632679496,-97.279751029977,-99.9999999999995,2
47.4718679669917,9.99999999999983,1.57079632679496,-97.0797010174739,-99.9999999999995,2
47.4918729682421,9.99999999999983,1.57079632679496,-96.8796510049707,-99.9999999999995,2
47.5118779694924,9.99999999999983,1.57079632679496,-96.6796009924676,-99.9999999999995,2
47.5318829707427,9.99999999999983,1.57079632679496,-96.4795509799645,-99.9999999999995,2
47.551887971993,9.99999999999983,1.57079632679496,-96.2795009674614,-99.9999999999995,2
47.5718929732433,9.99999999999983,1.57079632679496,-96.0794509549583,-99.9999999999995,2
47.5918979744936,9.99999999999983,1.57079632679496,-95.8794009424551,-99.9999999999995,2
47.6119029757439,9.99999999999983,1.57079632679496,-95.679350929952,-99.9999999999995,2
47.6319079769942,9.99999999999983,1.57079632679496,-95.4793009174489,-99.9999999999995,2
47.6519129782446,9.99999999999983,1.57079632679496,-95.2792509049459,-99.9999999999995,2
47.6719179794949,9.99999999999983,1.57079632679496,-95.0792008924427,-99.9999999999995,2
47.6919229807452,9.99999999999983,1.57079632679496,-94.8791508799396,-99.9999999999995,2
47.7119279819955,9.99999999999983,1.57079632679496,-94.6791008674365,-99.9999999999995,2
47.7319329832458,9.99999999999983,1.57079632679496,-94.4790508549334,-99.9999999999995,2
47.7519379844961,9.99999999999983,1.57079632679496,-94.2790008424302,-99.9999999999995,2
47.7719429857464,9.99999999999983,1.57079632679496,-94.0789508299272,-99.9999999999995,2
47.7919479869967,9.99999999999983,1.57079632679496,-93.8789008174241,-99.9999999999995,2
47.8119529882471,9.99999999999983,1.57079632679496,-93.6788508049209,-99.9999999999995,2
47.8319579894974,9.99999999999983,1.57079632679496,-93.4788007924178,-99.9999999999995,2
47.8519629907477,9.99999999999983,1.57079632679496,-93.2787507799147,-99.9999999999995,2
47.871967991998,9.99999999999983,1.57079632679496,-93.0787007674116,-99.9999999999995,2
47.8919729932483,9.99999999999983,1.57079632679496,-92.8786507549085,-99.9999999999995,2
47.9119779944986,9.99999999999983,1.57079632679496,-92.6786007424053,-99.9999999999995,2
47.9319829957489,9.99999999999983,1.57079632679496,-92.4785507299022,-99.9999999999995,2
47.9519879969993,9.99999999999983,1.57079632679496,-92.2785007173991,-99.9999999999995,2
47.9719929982496,9.99999999999983,1.57079632679496,-92.078450704896,-99.9999999999995,2
47.9919979994999,9.99999999999983,1.57079632679496,-91.8784006923929,-99.9999999999995,2
48.0120030007502,9.99999999999983,1.57079632679496,-91.6783506798897,-99.9999999999995,2
48.0320080020005,9.99999999999983,1.57079632679496,-91.4783006673866,-99.9999999999995,2
48.0520130032508,9.99999999999983,1.57079632679496,-91.2782506548835,-99.9999999999995,2
48.0720180045011,9.99999999999983,1.57079632679496,-91.0782006423804,-99.9999999999995,2
48.0920230057514,9.99999999999983,1.57079632679496,-90.8781506298773,-99.9999999999995,2
48.1120280070017,9.99999999999983,1.57079632679496,-90.6781006173743,-99.9999999999995,2
48.1320330082521,9.99999999999983,1.57079632679496,-90.4780506048711,-99.9999999999995,2
48.1520380095024,9.99999999999983,1.57079632679496,-90.278000592368,-99.9999999999995,2
48.1720430107527,9.99999999999983,1.57079632679496,-90.0779505798648,-99.9999999999995,2
48.192048012003,9.99999999999983,1.57079632679496,-89.8779005673618,-99.9999999999995,2
48.2120530132533,9.99999999999983,1.57079632679496,-89.6778505548587,-99.9999999999995,2
48.2320580145036,9.99999999999983,1.57079632679496,-89.4778005423555,-99.9999999999995,2
48.2520630157539,9.99999999999983,1.57079632679496,-89.2777505298524,-99.9999999999995,2
48.2720680170043,9.99999999999983,1.57079632679496,-89.0777005173493,-99.9999999999995,2
48.2920730182546,9.99999999999983,1.57079632679496,-88.8776505048462,-99.9999999999995,2
48.3120780195049,9.99999999999983,1.57079632679496,-88.6776004923431,-99.9999999999995,2
48.3320830207552,9.99999999999983,1.57079632679496,-88.4775504798399,-99.9999999999995,2
48.3520880220055,9.99999999999983,1.57079632679496,-88.2775004673368,-99.9999999999995,2
48.3720930232558,9.99999999999983,1.57079632679496,-88.0774504548337,-99.9999999999995,2
48.3920980245061,9.99999999999983,1.57079632679496,-87.8774004423306,-99.9999999999995,2
48.4121030257564,9.99999999999983,1.57079632679496,-87.6773504298275,-99.9999999999995,2
48.4321080270067,9.99999999999983,1.57079632679496,-87.4773004173244,-99.9999999999995,2
48.4521130282571,9.99999999999983,1.57079632679496,-87.2772504048212,-99.9999999999995,2
48.4721180295074,9.99999999999983,1.57079632679496,-87.0772003923181,-99.9999999999995,2
48.4921230307577,9.99999999999983,1.57079632679496,-86.877150379815,-99.9999999999995,2
48.512128032008,9.99999999999983,1.57079632679496,-86.6771003673119,-99.9999999999995,2
48.5321330332583,9.99999999999983,1.57079632679496,-86.4770503548088,-99.9999999999995,2
48.5521380345086,9.99999999999983,1.57079632679496,-86.2770003423057,-99.9999999999995,2
48.5721430357589,9.99999999999983,1.57079632679496,-86.0769503298025,-99.9999999999995,2
48.5921480370093,9.99999999999983,1.57079632679496,-85.8769003172994,-99.9999999999995,2
48.6121530382596,9.99999999999983,1.57079632679496,-85.6768503047964,-99.9999999999995,2
48.6321580395099,9.99999999999983,1.57079632679496,-85.4768002922933,-99.9999999999995,2
48.6521630407602,9.99999999999983,1.57079632679496,-85.2767502797901,-99.9999999999995,2
48.6721680420105,9.99999999999983,1.57079632679496,-85.076700267287,-99.9999999999995,2
48.6921730432608,9.99999999999983,1.57079632679496,-84.8766502547839,-99.9999999999995,2
48.7121780445111,9.99999999999983,1.57079632679496,-84.6766002422808,-99.9999999999995,2
48.7321830457614,9.99999999999983,1.57079632679496,-84.4765502297777,-99.9999999999995,2
48.7521880470117,9.99999999999983,1.57079632679496,-84.2765002172746,-99.9999999999995,2
48.7721930482621,9.99999999999983,1.57079632679496,-84.0764502047714,-99.9999999999995,2
48.7921980495124,9.99999999999983,1.57079632679496,-83.8764001922683,-99.9999999999995,2
48.8122030507627,9.99999999999983,1.57079632679496,-83.6763501797652,-99.9999999999995,2
48.832208052013,9.99999999999983,1.57079632679496,-83.4763001672621,-99.9999999999995,2
48.8522130532633,9.99999999999983,1.57079632679496,-83.276250154759,-99.9999999999995,2
48.8722180545136,9.99999999999983,1.57079632679496,-83.0762001422558,-99.9999999999995,2
48.8922230557639,9.99999999999983,1.57079632679496,-82.8761501297527,-99.9999999999995,2
48.9122280570143,9.99999999999983,1.57079632679496,-82.6761001172496,-99.9999999999995,2
48.9322330582646,9.99999999999983,1.57079632679496,-82.4760501047465,-99.9999999999995,2
48.9522380595149,9.99999999999983,1.57079632679496,-82.2760000922434,-99.9999999999995,2
48.9722430607652,9.99999999999983,1.57079632679496,-82.0759500797403,-99.9999999999995,2
48.9922480620155,9.99999999999983,1.57079632679496,-81.8759000672372,-99.9999999999995,2
49.0122530632658,9.99999999999983,1.57079632679496,-81.6758500547341,-99.9999999999995,2
49.0322580645161,9.99999999999983,1.57079632679496,-81.4758000422309,-99.9999999999995,2
49.0522630657664,9.99999999999983,1.57079632679496,-81.2757500297278,-99.9999999999995,2
49.0722680670168,9.99999999999983,1.57079632679496,-81.0757000172247,-99.9999999999995,2
49.0922730682671,9.99999999999983,1.57079632679496,-80.8756500047216,-99.9999999999995,2
49.1122780695174,9.99999999999983,1.57079632679496,-80.6755999922185,-99.9999999999995,2
49.1322830707677,9.99999999999983,1.57079632679496,-80.4755499797154,-99.9999999999995,2
49.152288072018,9.99999999999983,1.57079632679496,-80.2754999672123,-99.9999999999995,2
49.1722930732683,9.99999999999983,1.57079632679496,-80.0754499547092,-99.9999999999995,2
49.1922980745186,9.99999999999983,1.57079632679496,-79.875399942206,-99.9999999999995,2
49.2123030757689,9.99999999999983,1.57079632679496,-79.6753499297029,-99.9999999999995,2
49.2323080770193,9.99999999999983,1.57079632679496,-79.4752999171998,-99.9999999999995,2
49.2523130782696,9.99999999999983,1.57079632679496,-79.2752499046967,-99.9999999999995,2
49.2723180795199,9.99999999999983,1.57079632679496,-79.0751998921936,-99.9999999999995,2
49.2923230807702,9.99999999999983,1.57079632679496,-78.8751498796904,-99.9999999999995,2
49.3123280820205,9.99999999999983,1.57079632679496,-78.6750998671873,-99.9999999999995,2
49.3323330832708,9.99999999999983,1.57079632679496,-78.4750498546842,-99.9999999999995,2
49.3523380845211,9.99999999999983,1.57079632679496,-78.2749998421811,-99.9999999999995,2
49.3723430857714,9.99999999999983,1.57079632679496,-78.074949829678,-99.9999999999995,2
49.3923480870218,9.99999999999983,1.57079632679496,-77.8748998171748,-99.9999999999995,2
49.4123530882721,9.99999999999983,1.57079632679496,-77.6748498046717,-99.9999999999995,2
49.4323580895224,9.99999999999983,1.57079632679496,-77.4747997921686,-99.9999999999995,2
49.4523630907727,9.99999999999983,1.57079632679496,-77.2747497796655,-99.9999999999995,2
49.472368092023,9.99999999999983,1.57079632679496,-77.0746997671625,-99.9999999999995,2
49.4923730932733,9.99999999999983,1.57079632679496,-76.8746497546593,-99.9999999999995,2
49.5123780945236,9.99999999999983,1.57079632679496,-76.6745997421562,-99.9999999999995,2
49.5323830957739,9.99999999999983,1.57079632679496,-76.4745497296531,-99.9999999999995,2
49.5523880970243,9.99999999999983,1.57079632679496,-76.27449971715,-99.9999999999995,2
49.5723930982746,9.99999999999983,1.57079632679496,-76.0744497046469,-99.9999999999995,2
49.5923980995249,9.99999999999983,1.57079632679496,-75.8743996921438,-99.9999999999995,2
49.6124031007752,9.99999999999983,1.57079632679496,-75.6743496796406,-99.9999999999995,2
49.6324081020255,9.99999999999983,1.57079632679496,-75.4742996671375,-99.9999999999995,2
49.6524131032758,9.99999999999983,1.57079632679496,-75.2742496546344,-99.9999999999995,2
49.6724181045261,9.99999999999983,1.57079632679496,-75.0741996421313,-99.9999999999995,2
49.6924231057764,9.99999999999983,1.57079632679496,-74.8741496296282,-99.9999999999995,2
49.7124281070268,9.99999999999983,1.57079632679496,-74.674099617125,-99.9999999999995,2
49.7324331082771,9.99999999999983,1.57079632679496,-74.4740496046219,-99.9999999999995,2
49.7524381095274,9.99999999999983,1.57079632679496,-74.2739995921188,-99.9999999999995,2
49.7724431107777,9.99999999999983,1.57079632679496,-74.0739495796157,-99.9999999999995,2
49.792448112028,9.99999999999983,1.57079632679496,-73.8738995671126,-99.9999999999995,2
49.8124531132783,9.99999999999983,1.57079632679496,-73.6738495546095,-99.9999999999995,2
49.8324581145286,9.99999999999983,1.57079632679496,-73.4737995421063,-99.9999999999995,2
49.8524631157789,9.99999999999983,1.57079632679496,-73.2737495296032,-99.9999999999995,2
49.8724681170293,9.99999999999983,1.57079632679496,-73.0736995171001,-99.9999999999995,2
49.8924731182796,9.99999999999983,1.57079632679496,-72.873649504597,-99.9999999999995,2
49.9124781195299,9.99999999999983,1.57079632679496,-72.6735994920939,-99.9999999999995,2
49.9324831207802,9.99999999999983,1.57079632679496,-72.4735494795907,-99.9999999999995,2
49.9524881220305,9.99999999999983,1.57079632679496,-72.2734994670876,-99.9999999999995,2
49.9724931232808,9.99999999999983,1.57079632679496,-72.0734494545846,-99.9999999999995,2
49.9924981245311,9.99999999999983,1.57079632679496,-71.8733994420815,-99.9999999999995,2
50.0125031257814,9.99999999999983,1.57079632679496,-71.6733494295784,-99.9999999999995,0
50.0325081270318,9.99999999999983,1.57079632679496,-71.4732994170752,-99.9999999999995,0
50.0525131282821,9.99999999999983,1.57079632679496,-71.2732494045721,-99.9999999999995,0
50.0725181295324,9.99999999999983,1.57079632679496,-71.073199392069,-99.9999999999995,0
50.0925231307827,9.99999999999983,1.57079632679496,-70.8731493795659,-99.9999999999995,0
50.112528132033,9.99999999999983,1.57079632679496,-70.6730993670628,-99.9999999999995,0
50.1325331332833,9.99999999999983,1.57079632679496,-70.4730493545597,-99.9999999999995,0
50.1525381345336,9.99999999999983,1.57079632679496,-70.2729993420565,-99.9999999999995,0
50.1725431357839,9.99999999999983,1.57079632679496,-70.0729493295534,-99.9999999999995,0
50.1925481370343,9.99999999999983,1.57079632679496,-69.8728993170503,-99.9999999999995,0
50.2125531382846,9.99999999999983,1.57079632679496,-69.6728493045472,-99.9999999999995,0
50.2325581395349,9.99999999999983,1.57079632679496,-69.4727992920441,-99.9999999999995,0
50.2525631407852,9.99999999999983,1.57079632679496,-69.2727492795409,-99.9999999999995,0
50.2725681420355,9.99999999999983,1.57079632679496,-69.0726992670378,-99.9999999999995,0
50.2925731432858,9.99999999999983,1.57079632679496,-68.8726492545347,-99.9999999999995,0
50.3125781445361,9.99999999999983,1.57079632679496,-68.6725992420316,-99.9999999999995,0
50.3325831457864,9.99999999999983,1.57079632679496,-68.4725492295285,-99.9999999999995,0
50.3525881470368,9.99999999999983,1.57079632679496,-68.2724992170254,-99.9999999999995,0
50.3725931482871,9.99999999999983,1.57079632679496,-68.0724492045223,-99.9999999999995,0
50.3925981495374,9.99999999999983,1.57079632679496,-67.8723991920191,-99.9999999999995,0
50.4126031507877,9.99999999999983,1.57079632679496,-67.672349179516,-99.9999999999995,0
50.432608152038,9.99999999999983,1.57079632679496,-67.4722991670129,-99.9999999999995,0
50.4526131532883,9.99999999999983,1.57079632679496,-67.2722491545098,-99.9999999999995,0
50.4726181545386,9.99999999999983,1.57079632679496,-67.0721991420067,-99.9999999999995,0
50.4926231557889,9.99999999999983,1.57079632679496,-66.8721491295036,-99.9999999999995,0
50.5126281570393,9.99999999999983,1.57079632679496,-66.6720991170005,-99.9999999999995,0
50.5326331582896,9.99999999999983,1.57079632679496,-66.4720491044974,-99.9999999999995,0
50.5526381595399,9.99999999999983,1.57079632679496,-66.2719990919943,-99.9999999999995,0
50.5726431607902,9.99999999999983,1.57079632679496,-66.0719490794911,-99.9999999999995,0
50.5926481620405,9.99999999999983,1.57079632679496,-65.871899066988,-99.9999999999995,0
50.6126531632908,9.99999999999983,1.57079632679496,-65.6718490544849,-99.9999999999995,0
50.6326581645411,9.99999999999983,1.57079632679496,-65.4717990419818,-99.9999999999995,0
50.6526631657914,9.99999999999983,1.57079632679496,-65.2717490294787,-99.9999999999995,0
50.6726681670418,9.99999999999983,1.57079632679496,-65.0716990169755,-99.9999999999995,0
50.6926731682921,9.99999999999983,1.57079632679496,-64.8716490044724,-99.9999999999995,0
50.7126781695424,9.99999999999983,1.57079632679496,-64.6715989919693,-99.9999999999995,0
50.7326831707927,9.99999999999983,1.57079632679496,-64.4715489794662,-99.9999999999995,0
50.752688172043,9.99999999999983,1.57079632679496,-64.2714989669631,-99.9999999999995,0
50.7726931732933,9.99999999999983,1.57079632679496,-64.0714489544599,-99.9999999999995,0
50.7926981745436,9.99999999999983,1.57079632679496,-63.8713989419569,-99.9999999999995,0
50.8127031757939,9.99999999999983,1.57079632679496,-63.6713489294538,-99.9999999999995,0
50.8327081770443,9.99999999999983,1.57079632679496,-63.4712989169507,-99.9999999999995,0
50.8527131782946,9.99999999999983,1.57079632679496,-63.2712489044475,-99.9999999999995,0
50.8727181795449,9.99999999999983,1.57079632679496,-63.0711988919444,-99.9999999999995,0
50.8927231807952,9.99999999999983,1.57079632679496,-62.8711488794413,-99.9999999999995,0
50.9127281820455,9.99999999999983,1.57079632679496,-62.6710988669382,-99.9999999999995,0
50.9327331832958,9.99999999999983,1.57079632679496,-62.4710488544351,-99.9999999999995,0
50.9527381845461,9.99999999999983,1.57079632679496,-62.270998841932,-99.9999999999995,0
50.9727431857964,9.99999999999983,1.57079632679496,-62.0709488294289,-99.9999999999995,0
50.9927481870468,9.99999999999983,1.57079632679496,-61.8708988169257,-99.9999999999995,0
51.0127531882971,9.99999999999983,1.57079632679496,-61.6708488044226,-99.9999999999995,0
51.0327581895474,9.99999999999983,1.57079632679496,-61.4707987919195,-99.9999999999995,0
51.0527631907977,9.99999999999983,1.57079632679496,-61.2707487794164,-99.9999999999995,0
51.072768192048,9.99999999999983,1.57079632679496,-61.0706987669133,-99.9999999999995,0
51.0927731932983,9.99999999999983,1.57079632679496,-60.8706487544101,-99.9999999999995,0
51.1127781945486,9.99999999999983,1.57079632679496,-60.670598741907,-99.9999999999995,0
51.132783195799,9.99999999999983,1.57079632679496,-60.4705487294039,-99.9999999999995,0
51.1527881970493,9.99999999999983,1.57079632679496,-60.2704987169008,-99.9999999999995,0
51.1727931982996,9.99999999999983,1.57079632679496,-60.0704487043977,-99.9999999999995,0
51.1927981995499,9.99999999999983,1.57079632679496,-59.8703986918946,-99.9999999999995,0
51.2128032008002,9.99999999999983,1.57079632679496,-59.6703486793914,-99.9999999999995,0
51.2328082020505,9.99999999999983,1.57079632679496,-59.4702986668883,-99.9999999999995,0
51.2528132033008,9.99999999999983,1.57079632679496,-59.2702486543852,-99.9999999999995,0
51.2728182045511,9.99999999999983,1.57079632679496,-59.0701986418821,-99.9999999999995,0
51.2928232058014,9.99999999999983,1.57079632679496,-58.8701486293791,-99.9999999999995,0
51.3128282070518,9.99999999999983,1.57079632679496,-58.6700986168759,-99.9999999999995,0
51.3328332083021,9.99999999999983,1.57079632679496,-58.4700486043728,-99.9999999999995,0
51.3528382095524,9.99999999999983,1.57079632679496,-58.2699985918697,-99.9999999999995,0
51.3728432108027,9.99999999999983,1.57079632679496,-58.0699485793666,-99.9999999999995,0
51.392848212053,9.99999999999983,1.57079632679496,-57.8698985668635,-99.9999999999995,0
51.4128532133033,9.99999999999983,1.57079632679496,-57.6698485543603,-99.9999999999995,0
51.4328582145536,9.99999999999983,1.57079632679496,-57.4697985418572,-99.9999999999995,0
51.452863215804,9.99999999999983,1.57079632679496,-57.2697485293541,-99.9999999999995,0
51.4728682170543,9.99999999999983,1.57079632679496,-57.069698516851,-99.9999999999995,0
51.4928732183046,9.99999999999983,1.57079632679496,-56.8696485043479,-99.9999999999995,0
51.5128782195549,9.99999999999983,1.57079632679496,-56.6695984918447,-99.9999999999995,0
51.5328832208052,9.99999999999983,1.57079632679496,-56.4695484793416,-99.9999999999995,0
51.5528882220555,9.99999999999983,1.57079632679496,-56.2694984668385,-99.9999999999995,0
51.5728932233058,9.99999999999983,1.57079632679496,-56.0694484543354,-99.9999999999995,0
51.5928982245561,9.99999999999983,1.57079632679496,-55.8693984418323,-99.9999999999995,0
51.6129032258064,9.99999999999983,1.57079632679496,-55.6693484293292,-99.9999999999995,0
51.6329082270568,9.99999999999983,1.57079632679496,-55.469298416826,-99.9999999999995,0
51.6529132283071,9.99999999999983,1.57079632679496,-55.269248404323,-99.9999999999995,0
51.6729182295574,9.99999999999983,1.57079632679496,-55.0691983918198,-99.9999999999995,0
51.6929232308077,9.99999999999983,1.57079632679496,-54.8691483793167,-99.9999999999995,0
51.712928232058,9.99999999999983,1.57079632679496,-54.6690983668136,-99.9999999999995,0
51.7329332333083,9.99999999999983,1.57079632679496,-54.4690483543105,-99.9999999999995,0
51.7529382345586,9.99999999999983,1.57079632679496,-54.2689983418073,-99.9999999999995,0
51.772943235809,9.99999999999983,1.57079632679496,-54.0689483293042,-99.9999999999995,0
51.7929482370593,9.99999999999983,1.57079632679496,-53.8688983168012,-99.9999999999995,0
51.8129532383096,9.99999999999983,1.57079632679496,-53.6688483042981,-99.9999999999995,0
51.8329582395599,9.99999999999983,1.57079632679496,-53.4687982917949,-99.9999999999995,0
51.8529632408102,9.99999999999983,1.57079632679496,-53.2687482792918,-99.9999999999995,0
51.8729682420605,9.99999999999983,1.57079632679496,-53.0686982667887,-99.9999999999995,0
51.8929732433108,9.99999999999983,1.57079632679496,-52.8686482542856,-99.9999999999995,0
51.9129782445611,9.99999999999983,1.57079632679496,-52.6685982417825,-99.9999999999995,0
51.9329832458114,9.99999999999983,1.57079632679496,-52.4685482292794,-99.9999999999995,0
51.9529882470618,9.99999999999983,1.57079632679496,-52.2684982167762,-99.9999999999995,0
51.9729932483121,9.99999999999983,1.57079632679496,-52.0684482042731,-99.9999999999995,0
51.9929982495624,9.99999999999983,1.57079632679496,-51.86839819177,-99.9999999999995,0
52.0130032508127,9.99999999999983,1.57079632679496,-51.6683481792669,-99.9999999999995,0
52.033008252063,9.99999999999983,1.57079632679496,-51.4682981667638,-99.9999999999995,0
52.0530132533133,9.99999999999983,1.57079632679496,-51.2682481542606,-99.9999999999995,0
52.0730182545636,9.99999999999983,1.57079632679496,-51.0681981417575,-99.9999999999995,0
52.093023255814,9.99999999999983,1.57079632679496,-50.8681481292544,-99.9999999999995,0
52.1130282570643,9.99999999999983,1.57079632679496,-50.6680981167514,-99.9999999999995,0
52.1330332583146,9.99999999999983,1.57079632679496,-50.4680481042482,-99.9999999999995,0
52.1530382595649,9.99999999999983,1.57079632679496,-50.2679980917451,-99.9999999999995,0
52.1730432608152,9.99999999999983,1.57079632679496,-50.067948079242,-99.9999999999995,0
52.1930482620655,9.99999999999983,1.57079632679496,-49.8678980667389,-99.9999999999995,0
52.2130532633158,9.99999999999983,1.57079632679496,-49.6678480542357,-99.9999999999995,0
52.2330582645661,9.99999999999983,1.57079632679496,-49.4677980417326,-99.9999999999995,0
52.2530632658165,9.99999999999983,1.57079632679496,-49.2677480292295,-99.9999999999995,0
52.2730682670668,9.99999999999983,1.57079632679496,-49.0676980167264,-99.9999999999995,0
52.2930732683171,9.99999999999983,1.57079632679496,-48.8676480042233,-99.9999999999995,0
52.3130782695674,9.99999999999983,1.57079632679496,-48.6675979917202,-99.9999999999995,0
52.3330832708177,9.99999999999983,1.57079632679496,-48.4675479792171,-99.9999999999995,0
52.353088272068,9.99999999999983,1.57079632679496,-48.267497966714,-99.9999999999995,0
52.3730932733183,9.99999999999983,1.57079632679496,-48.0674479542108,-99.9999999999995,0
52.3930982745686,9.99999999999983,1.57079632679496,-47.8673979417077,-99.9999999999995,0
52.413103275819,9.99999999999983,1.57079632679496,-47.6673479292046,-99.9999999999995,0
52.4331082770693,9.99999999999983,1.57079632679496,-47.4672979167015,-99.9999999999995,0
52.4531132783196,9.99999999999983,1.57079632679496,-47.2672479041984,-99.9999999999995,0
52.4731182795699,9.99999999999983,1.57079632679496,-47.0671978916952,-99.9999999999995,0
52.4931232808202,9.99999999999983,1.57079632679496,-46.8671478791921,-99.9999999999995,0
52.5131282820705,9.99999999999983,1.57079632679496,-46.667097866689,-99.9999999999995,0
52.5331332833208,9.99999999999983,1.57079632679496,-46.4670478541859,-99.9999999999995,0
52.5531382845711,9.99999999999983,1.57079632679496,-46.2669978416828,-99.9999999999995,0
52.5731432858215,9.99999999999983,1.57079632679496,-46.0669478291796,-99.9999999999995,0
52.5931482870718,9.99999999999983,1.57079632679496,-45.8668978166765,-99.9999999999995,0
52.6131532883221,9.99999999999983,1.57079632679496,-45.6668478041735,-99.9999999999995,0
52.6331582895724,9.99999999999983,1.57079632679496,-45.4667977916704,-99.9999999999995,0
52.6531632908227,9.99999999999983,1.57079632679496,-45.2667477791673,-99.9999999999995,0
52.673168292073,9.99999999999983,1.57079632679496,-45.0666977666641,-99.9999999999995,0
52.6931732933233,9.99999999999983,1.57079632679496,-44.866647754161,-99.9999999999995,0
52.7131782945736,9.99999999999983,1.57079632679496,-44.6665977416579,-99.9999999999995,0
52.733183295824,9.99999999999983,1.57079632679496,-44.4665477291548,-99.9999999999995,0
52.7531882970743,9.99999999999983,1.57079632679496,-44.2664977166516,-99.9999999999995,0
52.7731932983246,9.99999999999983,1.57079632679496,-44.0664477041486,-99.9999999999995,0
52.7931982995749,9.99999999999983,1.57079632679496,-43.8663976916454,-99.9999999999995,0
52.8132033008252,9.99999999999983,1.57079632679496,-43.6663476791423,-99.9999999999995,0
52.8332083020755,9.99999999999983,1.57079632679496,-43.4662976666392,-99.9999999999995,0
52.8532133033258,9.99999999999983,1.57079632679496,-43.2662476541361,-99.9999999999995,0
52.8732183045761,9.99999999999983,1.57079632679496,-43.066197641633,-99.9999999999995,0
52.8932233058265,9.99999999999983,1.57079632679496,-42.8661476291298,-99.9999999999995,0
52.9132283070768,9.99999999999983,1.57079632679496,-42.6660976166267,-99.9999999999995,0
52.9332333083271,9.99999999999983,1.57079632679496,-42.4660476041236,-99.9999999999995,0
52.9532383095774,9.99999999999983,1.57079632679496,-42.2659975916205,-99.9999999999995,0
52.9732433108277,9.99999999999983,1.57079632679496,-42.0659475791174,-99.9999999999995,0
52.993248312078,9.99999999999983,1.57079632679496,-41.8658975666143,-99.9999999999995,0
53.0132533133283,9.99999999999983,1.57079632679496,-41.6658475541112,-99.9999999999995,0
53.0332583145786,9.99999999999983,1.57079632679496,-41.465797541608,-99.9999999999995,0
53.053263315829,9.99999999999983,1.57079632679496,-41.2657475291049,-99.9999999999995,0
53.0732683170793,9.99999999999983,1.57079632679496,-41.0656975166018,-99.9999999999995,0
53.0932733183296,9.99999999999983,1.57079632679496,-40.8656475040987,-99.9999999999995,0
53.1132783195799,9.99999999999983,1.57079632679496,-40.6655974915956,-99.9999999999995,0
53.1332833208302,9.99999999999983,1.57079632679496,-40.4655474790925,-99.9999999999995,0
53.1532883220805,9.99999999999983,1.57079632679496,-40.2654974665894,-99.9999999999995,0
53.1732933233308,9.99999999999983,1.57079632679496,-40.0654474540863,-99.9999999999995,0
53.1932983245811,9.99999999999983,1.57079632679496,-39.8653974415832,-99.9999999999995,0
53.2133033258315,9.99999999999983,1.57079632679496,-39.66534742908,-99.9999999999995,0
53.2333083270818,9.99999999999983,1.57079632679496,-39.4652974165769,-99.9999999999995,0
53.2533133283321,9.99999999999983,1.57079632679496,-39.2652474040738,-99.9999999999995,0
53.2733183295824,9.99999999999983,1.57079632679496,-39.0651973915707,-99.9999999999995,0
53.2933233308327,9.99999999999983,1.57079632679496,-38.8651473790676,-99.9999999999995,0
53.313328332083,9.99999999999983,1.57079632679496,-38.6650973665645,-99.9999999999995,0
53.3333333333333,9.99999999999983,1.57079632679496,-38.4650473540613,-99.9999999999995,0
53.3533383345836,9.99999999999983,1.57079632679496,-38.2649973415582,-99.9999999999995,0
53.373343335834,9.99999999999983,1.57079632679496,-38.0649473290551,-99.9999999999995,0
53.3933483370843,9.99999999999983,1.57079632679496,-37.864897316552,-99.9999999999995,0
53.4133533383346,9.99999999999983,1.57079632679496,-37.6648473040489,-99.9999999999995,0
53.4333583395849,9.99999999999983,1.57079632679496,-37.4647972915457,-99.9999999999995,0
53.4533633408352,9.99999999999983,1.57079632679496,-37.2647472790426,-99.9999999999995,0
53.4733683420855,9.99999999999983,1.57079632679496,-37.0646972665396,-99.9999999999995,0
53.4933733433358,9.99999999999983,1.57079632679496,-36.8646472540364,-99.9999999999995,0
53.5133783445861,9.99999999999983,1.57079632679496,-36.6645972415333,-99.9999999999995,0
53.5333833458365,9.99999999999983,1.57079632679496,-36.4645472290302,-99.9999999999995,0
53.5533883470868,9.99999999999983,1.57079632679496,-36.2644972165271,-99.9999999999995,0
53.5733933483371,9.99999999999983,1.57079632679496,-36.0644472040239,-99.9999999999995,0
53.5933983495874,9.99999999999983,1.57079632679496,-35.8643971915209,-99.9999999999995,0
53.6134033508377,9.99999999999983,1.57079632679496,-35.6643471790178,-99.9999999999995,0
53.633408352088,9.99999999999983,1.57079632679496,-35.4642971665147,-99.9999999999995,0
53.6534133533383,9.99999999999983,1.57079632679496,-35.2642471540115,-99.9999999999995,0
53.6734183545886,9.99999999999983,1.57079632679496,-35.0641971415084,-99.9999999999995,0
53.693423355839,9.99999999999983,1.57079632679496,-34.8641471290053,-99.9999999999995,0
53.7134283570893,9.99999999999983,1.57079632679496,-34.6640971165022,-99.9999999999995,0
53.7334333583396,9.99999999999983,1.57079632679496,-34.4640471039991,-99.9999999999995,0
53.7534383595899,9.99999999999983,1.57079632679496,-34.2639970914959,-99.9999999999995,0
53.7734433608402,9.99999999999983,1.57079632679496,-34.0639470789928,-99.9999999999995,0
53.7934483620905,9.99999999999983,1.57079632679496,-33.8638970664897,-99.9999999999995,0
53.8134533633408,9.99999999999983,1.57079632679496,-33.6638470539866,-99.9999999999995,0
53.8334583645911,9.99999999999983,1.57079632679496,-33.4637970414835,-99.9999999999995,0
53.8534633658415,9.99999999999983,1.57079632679496,-33.2637470289803,-99.9999999999995,0
53.8734683670918,9.99999999999983,1.57079632679496,-33.0636970164772,-99.9999999999995,0
53.8934733683421,9.99999999999983,1.57079632679496,-32.8636470039741,-99.9999999999995,0
53.9134783695924,9.99999999999983,1.57079632679496,-32.663596991471,-99.9999999999995,0
53.9334833708427,9.99999999999983,1.57079632679496,-32.4635469789679,-99.9999999999995,0
53.953488372093,9.99999999999983,1.57079632679496,-32.2634969664647,-99.9999999999995,0
53.9734933733433,9.99999999999983,1.57079632679496,-32.0634469539617,-99.9999999999995,0
53.9934983745936,9.99999999999983,1.57079632679496,-31.8633969414585,-99.9999999999995,0
54.013503375844,9.99999999999983,1.57079632679496,-31.6633469289554,-99.9999999999995,0
54.0335083770943,9.99999999999983,1.57079632679496,-31.4632969164523,-99.9999999999995,0
54.0535133783446,9.99999999999983,1.57079632679496,-31.2632469039492,-99.9999999999995,0
54.0735183795949,9.99999999999983,1.57079632679496,-31.063196891446,-99.9999999999995,0
54.0935233808452,9.99999999999983,1.57079632679496,-30.8631468789429,-99.9999999999995,0
54.1135283820955,9.99999999999983,1.57079632679496,-30.6630968664398,-99.9999999999995,0
54.1335333833458,9.99999999999983,1.57079632679496,-30.4630468539367,-99.9999999999995,0
54.1535383845961,9.99999999999983,1.57079632679496,-30.2629968414336,-99.9999999999995,0
54.1735433858465,9.99999999999983,1.57079632679496,-30.0629468289304,-99.9999999999995,0
54.1935483870968,9.99999999999983,1.57079632679496,-29.8628968164273,-99.9999999999995,0
54.2135533883471,9.99999999999983,1.57079632679496,-29.6628468039241,-99.9999999999995,0
54.2335583895974,9.99999999999983,1.57079632679496,-29.462796791421,-99.9999999999995,0
54.2535633908477,9.99999999999983,1.57079632679496,-29.2627467789179,-99.9999999999995,0
54.273568392098,9.99999999999983,1.57079632679496,-29.0626967664147,-99.9999999999995,0
54.2935733933483,9.99999999999983,1.57079632679496,-28.8626467539116,-99.9999999999995,0
54.3135783945987,9.99999999999983,1.57079632679496,-28.6625967414085,-99.9999999999995,0
54.333583395849,9.99999999999983,1.57079632679496,-28.4625467289054,-99.9999999999995,0
54.3535883970993,9.99999999999983,1.57079632679496,-28.2624967164023,-99.9999999999995,0
54.3735933983496,9.99999999999983,1.57079632679496,-28.0624467038991,-99.9999999999995,0
54.3935983995999,9.99999999999983,1.57079632679496,-27.8623966913959,-99.9999999999995,0
54.4136034008502,9.99999999999983,1.57079632679496,-27.6623466788928,-99.9999999999995,0
54.4336084021005,9.99999999999983,1.57079632679496,-27.4622966663897,-99.9999999999995,0
54.4536134033508,9.99999999999983,1.57079632679496,-27.2622466538866,-99.9999999999995,0
54.4736184046011,9.99999999999983,1.57079632679496,-27.0621966413835,-99.9999999999995,0
54.4936234058515,9.99999999999983,1.57079632679496,-26.8621466288803,-99.9999999999995,0
54.5136284071018,9.99999999999983,1.57079632679496,-26.6620966163772,-99.9999999999995,0
54.5336334083521,9.99999999999983,1.57079632679496,-26.4620466038741,-99.9999999999995,0
54.5536384096024,9.99999999999983,1.57079632679496,-26.261996591371,-99.9999999999995,0
54.5736434108527,9.99999999999983,1.57079632679496,-26.0619465788678,-99.9999999999995,0
54.593648412103,9.99999999999983,1.57079632679496,-25.8618965663646,-99.9999999999995,0
54.6136534133533,9.99999999999983,1.57079632679496,-25.6618465538616,-99.9999999999995,0
54.6336584146037,9.99999999999983,1.57079632679496,-25.4617965413584,-99.9999999999995,0
54.653663415854,9.99999999999983,1.57079632679496,-25.2617465288553,-99.9999999999995,0
54.6736684171043,9.99999999999983,1.57079632679496,-25.0616965163522,-99.9999999999995,0
54.6936734183546,9.99999999999983,1.57079632679496,-24.8616465038491,-99.9999999999995,0
54.7136784196049,9.99999999999983,1.57079632679496,-24.6615964913459,-99.9999999999995,0
54.7336834208552,9.99999999999983,1.57079632679496,-24.4615464788428,-99.9999999999995,0
54.7536884221055,9.99999999999983,1.57079632679496,-24.2614964663396,-99.9999999999995,0
54.7736934233558,9.99999999999983,1.57079632679496,-24.0614464538365,-99.9999999999995,0
54.7936984246061,9.99999999999983,1.57079632679496,-23.8613964413335,-99.9999999999995,0
54.8137034258565,9.99999999999983,1.57079632679496,-23.6613464288302,-99.9999999999995,0
54.8337084271068,9.99999999999983,1.57079632679496,-23.4612964163271,-99.9999999999995,0
54.8537134283571,9.99999999999983,1.57079632679496,-23.261246403824,-99.9999999999995,0
54.8737184296074,9.99999999999983,1.57079632679496,-23.0611963913209,-99.9999999999995,0
54.8937234308577,9.99999999999983,1.57079632679496,-22.8611463788178,-99.9999999999995,0
54.913728432108,9.99999999999983,1.57079632679496,-22.6610963663146,-99.9999999999995,0
54.9337334333583,9.99999999999983,1.57079632679496,-22.4610463538115,-99.9999999999995,0
54.9537384346087,9.99999999999983,1.57079632679496,-22.2609963413084,-99.9999999999995,0
54.973743435859,9.99999999999983,1.57079632679496,-22.0609463288053,-99.9999999999995,0
54.9937484371093,9.99999999999983,1.57079632679496,-21.8608963163021,-99.9999999999995,0
55.0137534383596,9.99999999999983,1.57079632679496,-21.660846303799,-99.9999999999995,0
55.0337584396099,9.99999999999983,1.57079632679496,-21.4607962912958,-99.9999999999995,0
55.0537634408602,9.99999999999983,1.57079632679496,-21.2607462787927,-99.9999999999995,0
55.0737684421105,9.99999999999983,1.57079632679496,-21.0606962662896,-99.9999999999995,0
55.0937734433608,9.99999999999983,1.57079632679496,-20.8606462537865,-99.9999999999995,0
55.1137784446111,9.99999999999983,1.57079632679496,-20.6605962412834,-99.9999999999995,0
55.1337834458615,9.99999999999983,1.57079632679496,-20.4605462287802,-99.9999999999995,0
55.1537884471118,9.99999999999983,1.57079632679496,-20.2604962162771,-99.9999999999995,0
55.1737934483621,9.99999999999983,1.57079632679496,-20.060446203774,-99.9999999999995,0
55.1937984496124,9.99999999999983,1.57079632679496,-19.8603961912709,-99.9999999999995,0
55.2138034508627,9.99999999999983,1.57079632679496,-19.6603461787677,-99.9999999999995,0
55.233808452113,9.99999999999983,1.57079632679496,-19.4602961662645,-99.9999999999995,0
55.2538134533633,9.99999999999983,1.57079632679496,-19.2602461537614,-99.9999999999995,0
55.2738184546137,9.99999999999983,1.57079632679496,-19.0601961412583,-99.9999999999995,0
55.293823455864,9.99999999999983,1.57079632679496,-18.8601461287552,-99.9999999999995,0
55.3138284571143,9.99999999999983,1.57079632679496,-18.6600961162521,-99.9999999999995,0
55.3338334583646,9.99999999999983,1.57079632679496,-18.4600461037489,-99.9999999999995,0
55.3538384596149,9.99999999999983,1.57079632679496,-18.2599960912458,-99.9999999999995,0
55.3738434608652,9.99999999999983,1.57079632679496,-18.0599460787427,-99.9999999999995,0
55.3938484621155,9.99999999999983,1.57079632679496,-17.8598960662395,-99.9999999999995,0
55.4138534633658,9.99999999999983,1.57079632679496,-17.6598460537364,-99.9999999999995,0
55.4338584646162,9.99999999999983,1.57079632679496,-17.4597960412333,-99.9999999999995,0
55.4538634658665,9.99999999999983,1.57079632679496,-17.2597460287301,-99.9999999999995,0
55.4738684671168,9.99999999999983,1.57079632679496,-17.059696016227,-99.9999999999995,0
55.4938734683671,9.99999999999983,1.57079632679496,-16.8596460037239,-99.9999999999995,0
55.5138784696174,9.99999999999983,1.57079632679496,-16.6595959912208,-99.9999999999995,0
55.5338834708677,9.99999999999983,1.57079632679496,-16.4595459787177,-99.9999999999995,0
55.553888472118,9.99999999999983,1.57079632679496,-16.2594959662145,-99.9999999999995,0
55.5738934733683,9.99999999999983,1.57079632679496,-16.0594459537114,-99.9999999999995,0
55.5938984746187,9.99999999999983,1.57079632679496,-15.8593959412083,-99.9999999999995,0
55.613903475869,9.99999999999983,1.57079632679496,-15.6593459287052,-99.9999999999995,0
55.6339084771193,9.99999999999983,1.57079632679496,-15.4592959162021,-99.9999999999995,0
55.6539134783696,9.99999999999983,1.57079632679496,-15.2592459036989,-99.9999999999995,0
55.6739184796199,9.99999999999983,1.57079632679496,-15.0591958911958,-99.9999999999995,0
55.6939234808702,9.99999999999983,1.57079632679496,-14.8591458786927,-99.9999999999995,0
55.7139284821205,9.99999999999983,1.57079632679496,-14.6590958661895,-99.9999999999995,0
55.7339334833708,9.99999999999983,1.57079632679496,-14.4590458536864,-99.9999999999995,0
55.7539384846212,9.99999999999983,1.57079632679496,-14.2589958411833,-99.9999999999995,0
55.7739434858715,9.99999999999983,1.57079632679496,-14.0589458286801,-99.9999999999995,0
55.7939484871218,9.99999999999983,1.57079632679496,-13.8588958161771,-99.9999999999995,0
55.8139534883721,9.99999999999983,1.57079632679496,-13.6588458036739,-99.9999999999995,0
55.8339584896224,9.99999999999983,1.57079632679496,-13.4587957911708,-99.9999999999995,0
55.8539634908727,9.99999999999983,1.57079632679496,-13.2587457786677,-99.9999999999995,0
55.873968492123,9.99999999999983,1.57079632679496,-13.0586957661645,-99.9999999999995,0
55.8939734933733,9.99999999999983,1.57079632679496,-12.8586457536614,-99.9999999999995,0
55.9139784946237,9.99999999999983,1.57079632679496,-12.6585957411583,-99.9999999999995,0
55.933983495874,9.99999999999983,1.57079632679496,-12.4585457286552,-99.9999999999995,0
55.9539884971243,9.99999999999983,1.57079632679496,-12.2584957161521,-99.9999999999995,0
55.9739934983746,9.99999999999983,1.57079632679496,-12.0584457036489,-99.9999999999995,0
55.9939984996249,9.99999999999983,1.57079632679496,-11.8583956911458,-99.9999999999995,0
56.0140035008752,9.99999999999983,1.57079632679496,-11.6583456786427,-99.9999999999995,0
56.0340085021255,9.99999999999983,1.57079632679496,-11.4582956661396,-99.9999999999995,0
56.0540135033758,9.99999999999983,1.57079632679496,-11.2582456536365,-99.9999999999995,0
56.0740185046262,9.99999999999983,1.57079632679496,-11.0581956411334,-99.9999999999995,0
56.0940235058765,9.99999999999983,1.57079632679496,-10.8581456286302,-99.9999999999995,0
56.1140285071268,9.99999999999983,1.57079632679496,-10.6580956161271,-99.9999999999995,0
56.1340335083771,9.99999999999983,1.57079632679496,-10.458045603624,-99.9999999999995,0
56.1540385096274,9.99999999999983,1.57079632679496,-10.2579955911209,-99.9999999999995,0
56.1740435108777,9.99999999999983,1.57079632679496,-10.0579455786178,-99.9999999999995,0
56.194048512128,9.99999999999983,1.57079632679496,-9.8578955661146,-99.9999999999995,0
56.2140535133783,9.99999999999983,1.57079632679496,-9.65784555361147,-99.9999999999995,0
56.2340585146287,9.99999999999983,1.57079632679496,-9.45779554110838,-99.9999999999995,0
56.254063515879,9.99999999999983,1.57079632679496,-9.25774552860525,-99.9999999999995,0
56.2740685171293,9.99999999999983,1.57079632679496,-9.05769551610215,-99.9999999999995,0
56.2940735183796,9.99999999999983,1.57079632679496,-8.857645503599,-99.9999999999995,0
56.3140785196299,9.99999999999983,1.57079632679496,-8.65759549109588,-99.9999999999995,0
56.3340835208802,9.99999999999983,1.57079632679496,-8.45754547859278,-99.9999999999995,0
56.3540885221305,9.99999999999983,1.57079632679496,-8.25749546608965,-99.9999999999995,0
56.3740935233808,9.99999999999983,1.57079632679496,-8.05744545358655,-99.9999999999995,0
56.3940985246312,9.99999999999983,1.57079632679496,-7.85739544108336,-99.9999999999995,0
56.4141035258815,9.99999999999983,1.57079632679496,-7.65734542858026,-99.9999999999995,0
56.4341085271318,9.99999999999983,1.57079632679496,-7.45729541607713,-99.9999999999995,0
56.4541135283821,9.99999999999983,1.57079632679496,-7.25724540357403,-99.9999999999995,0
56.4741185296324,9.99999999999983,1.57079632679496,-7.05719539107096,-99.9999999999995,0
56.4941235308827,9.99999999999983,1.57079632679496,-6.85714537856783,-99.9999999999995,0
56.514128532133,9.99999999999983,1.57079632679496,-6.65709536606466,-99.9999999999995,0
56.5341335333833,9.99999999999983,1.57079632679496,-6.45704535356153,-99.9999999999995,0
56.5541385346337,9.99999999999983,1.57079632679496,-6.25699534105844,-99.9999999999995,0
56.574143535884,9.99999999999983,1.57079632679496,-6.05694532855531,-99.9999999999995,0
56.5941485371343,9.99999999999983,1.57079632679496,-5.85689531605221,-99.9999999999995,0
56.6141535383846,9.99999999999983,1.57079632679496,-5.65684530354906,-99.9999999999995,0
56.6341585396349,9.99999999999983,1.57079632679496,-5.45679529104594,-99.9999999999995,0
56.6541635408852,9.99999999999983,1.57079632679496,-5.25674527854284,-99.9999999999995,0
56.6741685421355,9.99999999999983,1.57079632679496,-5.05669526603971,-99.9999999999995,0
56.6941735433858,9.99999999999983,1.57079632679496,-4.85664525353661,-99.9999999999995,0
56.7141785446362,9.99999999999983,1.57079632679496,-4.65659524103342,-99.9999999999995,0
56.7341835458865,9.99999999999983,1.57079632679496,-4.45654522853032,-99.9999999999995,0
56.7541885471368,9.99999999999983,1.57079632679496,-4.25649521602719,-99.9999999999995,0
56.7741935483871,9.99999999999983,1.57079632679496,-4.05644520352409,-99.9999999999995,0
56.7941985496374,9.99999999999983,1.57079632679496,-3.85639519102102,-99.9999999999995,0
56.8142035508877,9.99999999999983,1.57079632679496,-3.65634517851789,-99.9999999999995,0
56.834208552138,9.99999999999983,1.57079632679496,-3.45629516601472,-99.9999999999995,0
56.8542135533883,9.99999999999983,1.57079632679496,-3.25624515351159,-99.9999999999995,0
56.8742185546387,9.99999999999983,1.57079632679496,-3.05619514100849,-99.9999999999995,0
56.894223555889,9.99999999999983,1.57079632679496,-2.85614512850536,-99.9999999999995,0
56.9142285571393,9.99999999999983,1.57079632679496,-2.65609511600226,-99.9999999999995,0
56.9342335583896,9.99999999999983,1.57079632679496,-2.45604510349906,-99.9999999999995,0
56.9542385596399,9.99999999999983,1.57079632679496,-2.25599509099596,-99.9999999999995,0
56.9742435608902,9.99999999999983,1.57079632679496,-2.05594507849288,-99.9999999999995,0
56.9942485621405,9.99999999999983,1.57079632679496,-1.85589506598975,-99.9999999999995,0
57.0142535633908,9.99999999999983,1.57079632679496,-1.65584505348665,-99.9999999999995,0
57.0342585646412,9.99999999999983,1.57079632679496,-1.45579504098346,-99.9999999999995,0
57.0542635658915,9.99999999999983,1.57079632679496,-1.25574502848036,-99.9999999999995,0
57.0742685671418,9.99999999999983,1.57079632679496,-1.05569501597723,-99.9999999999995,0
57.0942735683921,9.99999999999983,1.57079632679496,-0.855645003474131,-99.9999999999995,0
57.1142785696424,9.99999999999983,1.57079632679496,-0.655594990971053,-99.9999999999995,0
57.1342835708927,9.99999999999983,1.57079632679496,-0.455544978467925,-99.9999999999995,0
57.154288572143,9.99999999999983,1.57079632679496,-0.255494965964756,-99.9999999999995,0
57.1742935733933,9.99999999999983,1.57079632679496,-0.055444953461627,-99.9999999999995,0
57.1942985746437,9.99999999999983,1.57079632679496,0.144605059041471,-99.9999999999995,0
57.214303575894,9.99999999999983,1.57079632679496,0.3446550715446,-99.9999999999995,0
57.2343085771443,9.99999999999983,1.57079632679496,0.544705084047698,-99.9999999999995,0
57.2543135783946,9.99999999999983,1.57079632679496,0.744755096550897,-99.9999999999995,0
57.2743185796449,9.99999999999983,1.57079632679496,0.944805109053995,-99.9999999999995,0
57.2943235808952,9.99999999999983,1.57079632679496,1.14485512155707,-99.9999999999995,0
57.3143285821455,9.99999999999983,1.57079632679496,1.3449051340602,-99.9999999999995,0
57.3343335833958,9.99999999999983,1.57079632679496,1.5449551465633,-99.9999999999995,0
57.3543385846462,9.99999999999983,1.57079632679496,1.7450051590665,-99.9999999999995,0
57.3743435858965,9.99999999999983,1.57079632679496,1.9450551715696,-99.9999999999995,0
57.3943485871468,9.99999999999983,1.57079632679496,2.14510518407273,-99.9999999999995,0
57.4143535883971,9.99999999999983,1.57079632679496,2.34515519657583,-99.9999999999995,0
57.4343585896474,9.99999999999983,1.57079632679496,2.54520520907895,-99.9999999999995,0
57.4543635908977,9.99999999999983,1.57079632679496,2.74525522158212,-99.9999999999995,0
57.474368592148,9.99999999999983,1.57079632679496,2.9453052340852,-99.9999999999995,0
57.4943735933984,9.99999999999983,1.57079632679496,3.14535524658833,-99.9999999999995,0
57.5143785946487,9.99999999999983,1.57079632679496,3.34540525909143,-99.9999999999995,0
57.534383595899,9.99999999999983,1.57079632679496,3.54545527159456,-99.9999999999995,0
57.5543885971493,9.99999999999983,1.57079632679496,3.74550528409766,-99.9999999999995,0
57.5743935983996,9.99999999999983,1.57079632679496,3.94555529660086,-99.9999999999995,0
57.5943985996499,9.99999999999983,1.57079632679496,4.14560530910396,-99.9999999999995,0
57.6144036009002,9.99999999999983,1.57079632679496,4.34565532160703,-99.9999999999995,0
57.6344086021505,9.99999999999983,1.57079632679496,4.54570533411016,-99.9999999999995,0
57.6544136034008,9.99999999999983,1.57079632679496,4.74575534661326,-99.9999999999995,0
57.6744186046512,9.99999999999983,1.57079632679496,4.94580535911646,-99.9999999999995,0
57.6944236059015,9.99999999999983,1.57079632679496,5.14585537161955,-99.9999999999995,0
57.7144286071518,9.99999999999983,1.57079632679496,5.34590538412268,-99.9999999999995,0
57.7344336084021,9.99999999999983,1.57079632679496,5.54595539662578,-99.9999999999995,0
57.7544386096524,9.99999999999983,1.57079632679496,5.74600540912891,-99.9999999999995,0
57.7744436109027,9.99999999999983,1.57079632679496,5.94605542163208,-99.9999999999995,0
57.794448612153,9.99999999999983,1.57079632679496,6.14610543413515,-99.9999999999995,0
57.8144536134034,9.99999999999983,1.57079632679496,6.34615544663828,-99.9999999999995,0
57.8344586146537,9.99999999999983,1.57079632679496,6.54620545914138,-99.9999999999995,0
57.854463615904,9.99999999999983,1.57079632679496,6.74625547164451,-99.9999999999995,0
57.8744686171543,9.99999999999983,1.57079632679496,6.9463054841476,-99.9999999999995,0
57.8944736184046,9.99999999999983,1.57079632679496,7.1463554966508,-99.9999999999995,0
57.9144786196549,9.99999999999983,1.57079632679496,7.3464055091539,-99.9999999999995,0
57.9344836209052,9.99999999999983,1.57079632679496,7.54645552165703,-99.9999999999995,0
57.9544886221555,9.99999999999983,1.57079632679496,7.74650553416012,-99.9999999999995,0
57.9744936234058,9.99999999999983,1.57079632679496,7.9465555466632,-99.9999999999995,0
57.9944986246562,9.99999999999983,1.57079632679496,8.1466055591664,-99.9999999999995,0
58.0145036259065,9.99999999999983,1.57079632679496,8.34665557166949,-99.9999999999995,0
58.0345086271568,9.99999999999983,1.57079632679496,8.54670558417262,-99.9999999999995,0
58.0545136284071,9.99999999999983,1.57079632679496,8.74675559667572,-99.9999999999995,0
58.0745186296574,9.99999999999983,1.57079632679496,8.94680560917885,-99.9999999999995,0
58.0945236309077,9.99999999999983,1.57079632679496,9.14685562168201,-99.9999999999995,0
58.114528632158,9.99999999999983,1.57079632679496,9.34690563418509,-99.9999999999995,0
58.1345336334084,9.99999999999983,1.57079632679496,9.54695564668822,-99.9999999999995,0
58.1545386346587,9.99999999999983,1.57079632679496,9.74700565919132,-99.9999999999995,0
58.174543635909,9.99999999999983,1.57079632679496,9.94705567169444,-99.9999999999995,0
58.1945486371593,9.99999999999983,1.57079632679496,10.1471056841975,-99.9999999999995,0
58.2145536384096,9.99999999999983,1.57079632679496,10.3471556967007,-99.9999999999995,0
58.2345586396599,9.99999999999983,1.57079632679496,10.5472057092038,-99.9999999999995,0
58.2545636409102,9.99999999999983,1.57079632679496,10.747255721707,-99.9999999999995,0
58.2745686421605,9.99999999999983,1.57079632679496,10.9473057342101,-99.9999999999995,0
58.2945736434108,9.99999999999983,1.57079632679496,11.1473557467131,-99.9999999999995,0
58.3145786446612,9.99999999999983,1.57079632679496,11.3474057592163,-99.9999999999995,0
58.3345836459115,9.99999999999983,1.57079632679496,11.5474557717194,-99.9999999999995,0
58.3545886471618,9.99999999999983,1.57079632679496,11.7475057842226,-99.9999999999995,0
58.3745936484121,9.99999999999983,1.57079632679496,11.9475557967257,-99.9999999999995,0
58.3945986496624,9.99999999999983,1.57079632679496,12.1476058092288,-99.9999999999995,0
58.4146036509127,9.99999999999983,1.57079632679496,12.347655821732,-99.9999999999995,0
58.434608652163,9.99999999999983,1.57079632679496,12.5477058342351,-99.9999999999995,0
58.4546136534134,9.99999999999983,1.57079632679496,12.7477558467382,-99.9999999999995,0
58.4746186546637,9.99999999999983,1.57079632679496,12.9478058592413,-99.9999999999995,0
58.494623655914,9.99999999999983,1.57079632679496,13.1478558717444,-99.9999999999995,0
58.5146286571643,9.99999999999983,1.57079632679496,13.3479058842476,-99.9999999999995,0
58.5346336584146,9.99999999999983,1.57079632679496,13.5479558967507,-99.9999999999995,0
58.5546386596649,9.99999999999983,1.57079632679496,13.7480059092538,-99.9999999999995,0
58.5746436609152,9.99999999999983,1.57079632679496,13.9480559217569,-99.9999999999995,0
58.5946486621655,9.99999999999983,1.57079632679496,14.14810593426,-99.9999999999995,0
58.6146536634159,9.99999999999983,1.57079632679496,14.3481559467631,-99.9999999999995,0
58.6346586646662,9.99999999999983,1.57079632679496,14.5482059592663,-99.9999999999995,0
58.6546636659165,9.99999999999983,1.57079632679496,14.7482559717694,-99.9999999999995,0
58.6746686671668,9.99999999999983,1.57079632679496,14.9483059842725,-99.9999999999995,0
58.6946736684171,9.99999999999983,1.57079632679496,15.1483559967756,-99.9999999999995,0
58.7146786696674,9.99999999999983,1.57079632679496,15.3484060092787,-99.9999999999995,0
58.7346836709177,9.99999999999983,1.57079632679496,15.5484560217819,-99.9999999999995,0
58.754688672168,9.99999999999983,1.57079632679496,15.748506034285,-99.9999999999995,0
58.7746936734184,9.99999999999983,1.57079632679496,15.9485560467881,-99.9999999999995,0
58.7946986746687,9.99999999999983,1.57079632679496,16.1486060592912,-99.9999999999995,0
58.814703675919,9.99999999999983,1.57079632679496,16.3486560717943,-99.9999999999995,0
58.8347086771693,9.99999999999983,1.57079632679496,16.5487060842975,-99.9999999999995,0
58.8547136784196,9.99999999999983,1.57079632679496,16.7487560968007,-99.9999999999995,0
58.8747186796699,9.99999999999983,1.57079632679496,16.9488061093038,-99.9999999999995,0
58.8947236809202,9.99999999999983,1.57079632679496,17.1488561218069,-99.9999999999995,0
58.9147286821705,9.99999999999983,1.57079632679496,17.34890613431,-99.9999999999995,0
58.9347336834209,9.99999999999983,1.57079632679496,17.5489561468131,-99.9999999999995,0
58.9547386846712,9.99999999999983,1.57079632679496,17.7490061593163,-99.9999999999995,0
58.9747436859215,9.99999999999983,1.57079632679496,17.9490561718194,-99.9999999999995,0
58.9947486871718,9.99999999999983,1.57079632679496,18.1491061843225,-99.9999999999995,0
59.0147536884221,9.99999999999983,1.57079632679496,18.3491561968256,-99.9999999999995,0
59.0347586896724,9.99999999999983,1.57079632679496,18.5492062093288,-99.9999999999995,0
59.0547636909227,9.99999999999983,1.57079632679496,18.7492562218319,-99.9999999999995,0
59.074768692173,9.99999999999983,1.57079632679496,18.9493062343351,-99.9999999999995,0
59.0947736934234,9.99999999999983,1.57079632679496,19.1493562468382,-99.9999999999995,0
59.1147786946737,9.99999999999983,1.57079632679496,19.3494062593413,-99.9999999999995,0
59.134783695924,9.99999999999983,1.57079632679496,19.5494562718444,-99.9999999999995,0
59.1547886971743,9.99999999999983,1.57079632679496,19.7495062843476,-99.9999999999995,0
59.1747936984246,9.99999999999983,1.57079632679496,19.9495562968507,-99.9999999999995,0
59.1947986996749,9.99999999999983,1.57079632679496,20.1496063093538,-99.9999999999995,0
59.2148037009252,9.99999999999983,1.57079632679496,20.3496563218569,-99.9999999999995,0
59.2348087021755,9.99999999999983,1.57079632679496,20.54970633436,-99.9999999999995,0
59.2548137034259,9.99999999999983,1.57079632679496,20.7497563468632,-99.9999999999995,0
59.2748187046762,9.99999999999983,1.57079632679496,20.9498063593664,-99.9999999999995,0
59.2948237059265,9.99999999999983,1.57079632679496,21.1498563718694,-99.9999999999995,0
59.3148287071768,9.99999999999983,1.57079632679496,21.3499063843726,-99.9999999999995,0
59.3348337084271,9.99999999999983,1.57079632679496,21.5499563968757,-99.9999999999995,0
59.3548387096774,9.99999999999983,1.57079632679496,21.7500064093788,-99.9999999999995,0
59.3748437109277,9.99999999999983,1.57079632679496,21.950056421882,-99.9999999999995,0
59.394848712178,9.99999999999983,1.57079632679496,22.1501064343851,-99.9999999999995,0
59.4148537134284,9.99999999999983,1.57079632679496,22.3501564468882,-99.9999999999995,0
59.4348587146787,9.99999999999983,1.57079632679496,22.5502064593914,-99.9999999999995,0
59.454863715929,9.99999999999983,1.57079632679496,22.7502564718945,-99.9999999999995,0
59.4748687171793,9.99999999999983,1.57079632679496,22.9503064843976,-99.9999999999995,0
59.4948737184296,9.99999999999983,1.57079632679496,23.1503564969008,-99.9999999999995,0
59.5148787196799,9.99999999999983,1.57079632679496,23.3504065094039,-99.9999999999995,0
59.5348837209302,9.99999999999983,1.57079632679496,23.550456521907,-99.9999999999995,0
59.5548887221805,9.99999999999983,1.57079632679496,23.7505065344101,-99.9999999999995,0
59.5748937234309,9.99999999999983,1.57079632679496,23.9505565469132,-99.9999999999995,0
59.5948987246812,9.99999999999983,1.57079632679496,24.1506065594164,-99.9999999999995,0
59.6149037259315,9.99999999999983,1.57079632679496,24.3506565719195,-99.9999999999995,0
59.6349087271818,9.99999999999983,1.57079632679496,24.5507065844226,-99.9999999999995,0
59.6549137284321,9.99999999999983,1.57079632679496,24.7507565969257,-99.9999999999995,0
59.6749187296824,9.99999999999983,1.57079632679496,24.9508066094289,-99.9999999999995,0
59.6949237309327,9.99999999999983,1.57079632679496,25.150856621932,-99.9999999999995,0
59.714928732183,9.99999999999983,1.57079632679496,25.3509066344352,-99.9999999999995,0
59.7349337334334,9.99999999999983,1.57079632679496,25.5509566469383,-99.9999999999995,0
59.7549387346837,9.99999999999983,1.57079632679496,25.7510066594414,-99.9999999999995,0
59.774943735934,9.99999999999983,1.57079632679496,25.9510566719445,-99.9999999999995,0
59.7949487371843,9.99999999999983,1.57079632679496,26.1511066844477,-99.9999999999995,0
59.8149537384346,9.99999999999983,1.57079632679496,26.3511566969508,-99.9999999999995,0
59.8349587396849,9.99999999999983,1.57079632679496,26.5512067094539,-99.9999999999995,0
59.8549637409352,9.99999999999983,1.57079632679496,26.7512567219571,-99.9999999999995,0
59.8749687421855,9.99999999999983,1.57079632679496,26.9513067344602,-99.9999999999995,0
59.8949737434359,9.99999999999983,1.57079632679496,27.1513567469634,-99.9999999999995,0
59.9149787446862,9.99999999999983,1.57079632679496,27.3514067594665,-99.9999999999995,0
59.9349837459365,9.99999999999983,1.57079632679496,27.5514567719696,-99.9999999999995,0
59.9549887471868,9.99999999999983,1.57079632679496,27.7515067844727,-99.9999999999995,0
59.9749937484371,9.99999999999983,1.57079632679496,27.9515567969758,-99.9999999999995,0
59.9949987496874,9.99999999999983,1.57079632679496,28.1516068094789,-99.9999999999995,0
60.0150037509377,9.99999999999983,1.57079632679496,28.3516568219821,-99.9999999999995,0
60.035008752188,9.99999999999983,1.57079632679496,28.5517068344852,-99.9999999999995,0
60.0550137534384,9.99999999999983,1.57079632679496,28.7517568469883,-99.9999999999995,0
60.0750187546887,9.99999999999983,1.57079632679496,28.9518068594915,-99.9999999999995,0
60.095023755939,9.99999999999983,1.57079632679496,29.1518568719946,-99.9999999999995,0
60.1150287571893,9.99999999999983,1.57079632679496,29.3519068844977,-99.9999999999995,0
60.1350337584396,9.99999999999983,1.57079632679496,29.5519568970009,-99.9999999999995,0
60.1550387596899,9.99999999999983,1.57079632679496,29.752006909504,-99.9999999999995,0
60.1750437609402,9.99999999999983,1.57079632679496,29.9520569220071,-99.9999999999995,0
60.1950487621905,9.99999999999983,1.57079632679496,30.1521069345102,-99.9999999999995,0
60.2150537634409,9.99999999999983,1.57079632679496,30.3521569470134,-99.9999999999995,0
60.2350587646912,9.99999999999983,1.57079632679496,30.5522069595165,-99.9999999999995,0
60.2550637659415,9.99999999999983,1.57079632679496,30.7522569720197,-99.9999999999995,0
60.2750687671918,9.99999999999983,1.57079632679496,30.9523069845228,-99.9999999999995,0
60.2950737684421,9.99999999999983,1.57079632679496,31.1523569970258,-99.9999999999995,0
60.3150787696924,9.99999999999983,1.57079632679496,31.352407009529,-99.9999999999995,0
60.3350837709427,9.99999999999983,1.57079632679496,31.5524570220322,-99.9999999999995,0
60.355088772193,9.99999999999983,1.57079632679496,31.7525070345353,-99.9999999999995,0
60.3750937734434,9.99999999999983,1.57079632679496,31.9525570470384,-99.9999999999995,0
60.3950987746937,9.99999999999983,1.57079632679496,32.1526070595415,-99.9999999999995,0
60.415103775944,9.99999999999983,1.57079632679496,32.3526570720446,-99.9999999999995,0
60.4351087771943,9.99999999999983,1.57079632679496,32.5527070845478,-99.9999999999995,0
60.4551137784446,9.99999999999983,1.57079632679496,32.7527570970509,-99.9999999999995,0
60.4751187796949,9.99999999999983,1.57079632679496,32.952807109554,-99.9999999999995,0
60.4951237809452,9.99999999999983,1.57079632679496,33.1528571220571,-99.9999999999995,0
60.5151287821955,9.99999999999983,1.57079632679496,33.3529071345602,-99.9999999999995,0
60.5351337834459,9.99999999999983,1.57079632679496,33.5529571470634,-99.9999999999995,0
60.5551387846962,9.99999999999983,1.57079632679496,33.7530071595665,-99.9999999999995,0
60.5751437859465,9.99999999999983,1.57079632679496,33.9530571720696,-99.9999999999995,0
60.5951487871968,9.99999999999983,1.57079632679496,34.1531071845727,-99.9999999999995,0
60.6151537884471,9.99999999999983,1.57079632679496,34.3531571970757,-99.9999999999995,0
60.6351587896974,9.99999999999983,1.57079632679496,34.5532072095789,-99.9999999999995,0
60.6551637909477,9.99999999999983,1.57079632679496,34.753257222082,-99.9999999999995,0
60.6751687921981,9.99999999999983,1.57079632679496,34.9533072345851,-99.9999999999995,0
60.6951737934484,9.99999999999983,1.57079632679496,35.1533572470882,-99.9999999999995,0
60.7151787946987,9.99999999999983,1.57079632679496,35.3534072595913,-99.9999999999995,0
60.735183795949,9.99999999999983,1.57079632679496,35.5534572720944,-99.9999999999995,0
60.7551887971993,9.99999999999983,1.57079632679496,35.7535072845976,-99.9999999999995,0
60.7751937984496,9.99999999999983,1.57079632679496,35.9535572971007,-99.9999999999995,0
60.7951987996999,9.99999999999983,1.57079632679496,36.1536073096038,-99.9999999999995,0
60.8152038009502,9.99999999999983,1.57079632679496,36.3536573221069,-99.9999999999995,0
60.8352088022005,9.99999999999983,1.57079632679496,36.55370733461,-99.9999999999995,0
60.8552138034509,9.99999999999983,1.57079632679496,36.7537573471132,-99.9999999999995,0
60.8752188047012,9.99999999999983,1.57079632679496,36.9538073596163,-99.9999999999995,0
60.8952238059515,9.99999999999983,1.57079632679496,37.1538573721194,-99.9999999999995,0
60.9152288072018,9.99999999999983,1.57079632679496,37.3539073846225,-99.9999999999995,0
60.9352338084521,9.99999999999983,1.57079632679496,37.5539573971256,-99.9999999999995,0
60.9552388097024,9.99999999999983,1.57079632679496,37.7540074096288,-99.9999999999995,0
60.9752438109527,9.99999999999983,1.57079632679496,37.9540574221318,-99.9999999999995,0
60.9952488122031,9.99999999999983,1.57079632679496,38.154107434635,-99.9999999999995,0
61.0152538134534,9.99999999999983,1.57079632679496,38.354157447138,-99.9999999999995,0
61.0352588147037,9.99999999999983,1.57079632679496,38.5542074596412,-99.9999999999995,0
61.055263815954,9.99999999999983,1.57079632679496,38.7542574721443,-99.9999999999995,0
61.0752688172043,9.99999999999983,1.57079632679496,38.9543074846475,-99.9999999999995,0
61.0952738184546,9.99999999999983,1.57079632679496,39.1543574971505,-99.9999999999995,0
61.1152788197049,9.99999999999983,1.57079632679496,39.3544075096536,-99.9999999999995,0
61.1352838209552,9.99999999999983,1.57079632679496,39.5544575221567,-99.9999999999995,0
61.1552888222055,9.99999999999983,1.57079632679496,39.7545075346598,-99.9999999999995,0
61.1752938234559,9.99999999999983,1.57079632679496,39.954557547163,-99.9999999999995,0
61.1952988247062,9.99999999999983,1.57079632679496,40.1546075596661,-99.9999999999995,0
61.2153038259565,9.99999999999983,1.57079632679496,40.3546575721692,-99.9999999999995,0
61.2353088272068,9.99999999999983,1.57079632679496,40.5547075846723,-99.9999999999995,0
61.2553138284571,9.99999999999983,1.57079632679496,40.7547575971754,-99.9999999999995,0
61.2753188297074,9.99999999999983,1.57079632679496,40.9548076096786,-99.9999999999995,0
61.2953238309577,9.99999999999983,1.57079632679496,41.1548576221817,-99.9999999999995,0
61.3153288322081,9.99999999999983,1.57079632679496,41.3549076346848,-99.9999999999995,0
61.3353338334584,9.99999999999983,1.57079632679496,41.5549576471879,-99.9999999999995,0
61.3553388347087,9.99999999999983,1.57079632679496,41.755007659691,-99.9999999999995,0
61.375343835959,9.99999999999983,1.57079632679496,41.9550576721941,-99.9999999999995,0
61.3953488372093,9.99999999999983,1.57079632679496,42.1551076846973,-99.9999999999995,0
61.4153538384596,9.99999999999983,1.57079632679496,42.3551576972004,-99.9999999999995,0
61.4353588397099,9.99999999999983,1.57079632679496,42.5552077097035,-99.9999999999995,0
61.4553638409602,9.99999999999983,1.57079632679496,42.7552577222066,-99.9999999999995,0
61.4753688422105,9.99999999999983,1.57079632679496,42.9553077347096,-99.9999999999995,0
61.4953738434609,9.99999999999983,1.57079632679496,43.1553577472128,-99.9999999999995,0
61.5153788447112,9.99999999999983,1.57079632679496,43.3554077597159,-99.9999999999995,0
61.5353838459615,9.99999999999983,1.57079632679496,43.5554577722191,-99.9999999999995,0
61.5553888472118,9.99999999999983,1.57079632679496,43.7555077847221,-99.9999999999995,0
61.5753938484621,9.99999999999983,1.57079632679496,43.9555577972253,-99.9999999999995,0
61.5953988497124,9.99999999999983,1.57079632679496,44.1556078097284,-99.9999999999995,0
61.6154038509627,9.99999999999983,1.57079632679496,44.3556578222315,-99.9999999999995,0
61.6354088522131,9.99999999999983,1.57079632679496,44.5557078347346,-99.9999999999995,0
61.6554138534634,9.99999999999983,1.57079632679496,44.7557578472377,-99.9999999999995,0
61.6754188547137,9.99999999999983,1.57079632679496,44.9558078597408,-99.9999999999995,0
61.695423855964,9.99999999999983,1.57079632679496,45.1558578722439,-99.9999999999995,0
61.7154288572143,9.99999999999983,1.57079632679496,45.3559078847471,-99.9999999999995,0
61.7354338584646,9.99999999999983,1.57079632679496,45.5559578972502,-99.9999999999995,0
61.7554388597149,9.99999999999983,1.57079632679496,45.7560079097533,-99.9999999999995,0
61.7754438609652,9.99999999999983,1.57079632679496,45.9560579222564,-99.9999999999995,0
61.7954488622156,9.99999999999983,1.57079632679496,46.1561079347595,-99.9999999999995,0
61.8154538634659,9.99999999999983,1.57079632679496,46.3561579472627,-99.9999999999995,0
61.8354588647162,9.99999999999983,1.57079632679496,46.5562079597658,-99.9999999999995,0
61.8554638659665,9.99999999999983,1.57079632679496,46.7562579722689,-99.9999999999995,0
61.8754688672168,9.99999999999983,1.57079632679496,46.956307984772,-99.9999999999995,0
61.8954738684671,9.99999999999983,1.57079632679496,47.1563579972751,-99.9999999999995,0
61.9154788697174,9.99999999999983,1.57079632679496,47.3564080097782,-99.9999999999995,0
61.9354838709677,9.99999999999983,1.57079632679496,47.5564580222813,-99.9999999999995,0
61.9554888722181,9.99999999999983,1.57079632679496,47.7565080347844,-99.9999999999995,0
61.9754938734684,9.99999999999983,1.57079632679496,47.9565580472875,-99.9999999999995,0
61.9954988747187,9.99999999999983,1.57079632679496,48.1566080597906,-99.9999999999995,0
62.015503875969,9.99999999999983,1.57079632679496,48.3566580722937,-99.9999999999995,0
62.0355088772193,9.99999999999983,1.57079632679496,48.5567080847969,-99.9999999999995,0
62.0555138784696,9.99999999999983,1.57079632679496,48.7567580973,-99.9999999999995,0
62.0755188797199,9.99999999999983,1.57079632679496,48.9568081098031,-99.9999999999995,0
62.0955238809702,9.99999999999983,1.57079632679496,49.1568581223062,-99.9999999999995,0
62.1155288822206,9.99999999999983,1.57079632679496,49.3569081348093,-99.9999999999995,0
62.1355338834709,9.99999999999983,1.57079632679496,49.5569581473125,-99.9999999999995,0
62.1555388847212,9.99999999999983,1.57079632679496,49.7570081598156,-99.9999999999995,0
62.1755438859715,9.99999999999983,1.57079632679496,49.9570581723187,-99.9999999999995,0
62.1955488872218,9.99999999999983,1.57079632679496,50.1571081848218,-99.9999999999995,0
62.2155538884721,9.99999999999983,1.57079632679496,50.3571581973249,-99.9999999999995,0
62.2355588897224,9.99999999999983,1.57079632679496,50.5572082098281,-99.9999999999995,0
62.2555638909727,9.99999999999983,1.57079632679496,50.7572582223312,-99.9999999999995,0
62.2755688922231,9.99999999999983,1.57079632679496,50.9573082348343,-99.9999999999995,0
62.2955738934734,9.99999999999983,1.57079632679496,51.1573582473373,-99.9999999999995,0
62.3155788947237,9.99999999999983,1.57079632679496,51.3574082598405,-99.9999999999995,0
62.335583895974,9.99999999999983,1.57079632679496,51.5574582723436,-99.9999999999995,0
62.3555888972243,9.99999999999983,1.57079632679496,51.7575082848468,-99.9999999999995,0
62.3755938984746,9.99999999999983,1.57079632679496,51.9575582973498,-99.9999999999995,0
62.3955988997249,9.99999999999983,1.57079632679496,52.157608309853,-99.9999999999995,0
62.4156039009752,9.99999999999983,1.57079632679496,52.3576583223561,-99.9999999999995,0
62.4356089022256,9.99999999999983,1.57079632679496,52.5577083348591,-99.9999999999995,0
62.4556139034759,9.99999999999983,1.57079632679496,52.7577583473623,-99.9999999999995,0
62.4756189047262,9.99999999999983,1.57079632679496,52.9578083598654,-99.9999999999995,0
62.4956239059765,9.99999999999983,1.57079632679496,53.1578583723685,-99.9999999999995,0
62.5156289072268,9.99999999999983,1.57079632679496,53.3579083848716,-99.9999999999995,0
62.5356339084771,9.99999999999983,1.57079632679496,53.5579583973747,-99.9999999999995,0
62.5556389097274,9.99999999999983,1.57079632679496,53.7580084098779,-99.9999999999995,0
62.5756439109777,9.99999999999983,1.57079632679496,53.958058422381,-99.9999999999995,0
62.5956489122281,9.99999999999983,1.57079632679496,54.1581084348841,-99.9999999999995,0
62.6156539134784,9.99999999999983,1.57079632679496,54.3581584473872,-99.9999999999995,0
62.6356589147287,9.99999999999983,1.57079632679496,54.5582084598903,-99.9999999999995,0
62.655663915979,9.99999999999983,1.57079632679496,54.7582584723935,-99.9999999999995,0
62.6756689172293,9.99999999999983,1.57079632679496,54.9583084848966,-99.9999999999995,0
62.6956739184796,9.99999999999983,1.57079632679496,55.1583584973997,-99.9999999999995,0
62.7156789197299,9.99999999999983,1.57079632679496,55.3584085099028,-99.9999999999995,0
62.7356839209802,9.99999999999983,1.57079632679496,55.5584585224059,-99.9999999999995,0
62.7556889222306,9.99999999999983,1.57079632679496,55.758508534909,-99.9999999999995,0
62.7756939234809,9.99999999999983,1.57079632679496,55.9585585474122,-99.9999999999995,0
62.7956989247312,9.99999999999983,1.57079632679496,56.1586085599152,-99.9999999999995,0
62.8157039259815,9.99999999999983,1.57079632679496,56.3586585724184,-99.9999999999995,0
62.8357089272318,9.99999999999983,1.57079632679496,56.5587085849214,-99.9999999999995,0
62.8557139284821,9.99999999999983,1.57079632679496,56.7587585974246,-99.9999999999995,0
62.8757189297324,9.99999999999983,1.57079632679496,56.9588086099277,-99.9999999999995,0
62.8957239309827,9.99999999999983,1.57079632679496,57.1588586224308,-99.9999999999995,0
62.9157289322331,9.99999999999983,1.57079632679496,57.3589086349339,-99.9999999999995,0
62.9357339334834,9.99999999999983,1.57079632679496,57.558958647437,-99.9999999999995,0
62.9557389347337,9.99999999999983,1.57079632679496,57.7590086599401,-99.9999999999995,0
62.975743935984,9.99999999999983,1.57079632679496,57.9590586724433,-99.9999999999995,0
62.9957489372343,9.99999999999983,1.57079632679496,58.1591086849464,-99.9999999999995,0
63.0157539384846,9.99999999999983,1.57079632679496,58.3591586974495,-99.9999999999995,0
63.0357589397349,9.99999999999983,1.57079632679496,58.5592087099526,-99.9999999999995,0
63.0557639409852,9.99999999999983,1.57079632679496,58.7592587224557,-99.9999999999995,0
63.0757689422356,9.99999999999983,1.57079632679496,58.9593087349588,-99.9999999999995,0
63.0957739434859,9.99999999999983,1.57079632679496,59.159358747462,-99.9999999999995,0
63.1157789447362,9.99999999999983,1.57079632679496,59.3594087599651,-99.9999999999995,0
63.1357839459865,9.99999999999983,1.57079632679496,59.5594587724682,-99.9999999999995,0
63.1557889472368,9.99999999999983,1.57079632679496,59.7595087849713,-99.9999999999995,0
63.1757939484871,9.99999999999983,1.57079632679496,59.9595587974744,-99.9999999999995,0
63.1957989497374,9.99999999999983,1.57079632679496,60.1596088099775,-99.9999999999995,0
63.2158039509877,9.99999999999983,1.57079632679496,60.3596588224807,-99.9999999999995,0
63.2358089522381,9.99999999999983,1.57079632679496,60.5597088349838,-99.9999999999995,0
63.2558139534884,9.99999999999983,1.57079632679496,60.7597588474869,-99.9999999999995,0
63.2758189547387,9.99999999999983,1.57079632679496,60.95980885999,-99.9999999999995,0
63.295823955989,9.99999999999983,1.57079632679496,61.1598588724931,-99.9999999999995,0
63.3158289572393,9.99999999999983,1.57079632679496,61.3599088849962,-99.9999999999995,0
63.3358339584896,9.99999999999983,1.57079632679496,61.5599588974993,-99.9999999999995,0
63.3558389597399,9.99999999999983,1.57079632679496,61.7600089100024,-99.9999999999995,0
63.3758439609902,9.99999999999983,1.57079632679496,61.9600589225055,-99.9999999999995,0
63.3958489622406,9.99999999999983,1.57079632679496,62.1601089350087,-99.9999999999995,0
63.4158539634909,9.99999999999983,1.57079632679496,62.3601589475118,-99.9999999999995,0
63.4358589647412,9.99999999999983,1.57079632679496,62.5602089600149,-99.9999999999995,0
63.4558639659915,9.99999999999983,1.57079632679496,62.760258972518,-99.9999999999995,0
63.4758689672418,9.99999999999983,1.57079632679496,62.9603089850211,-99.9999999999995,0
63.4958739684921,9.99999999999983,1.57079632679496,63.1603589975242,-99.9999999999995,0
63.5158789697424,9.99999999999983,1.57079632679496,63.3604090100274,-99.9999999999995,0
63.5358839709927,9.99999999999983,1.57079632679496,63.5604590225305,-99.9999999999995,0
63.5558889722431,9.99999999999983,1.57079632679496,63.7605090350336,-99.9999999999995,0
63.5758939734934,9.99999999999983,1.57079632679496,63.9605590475367,-99.9999999999995,0
63.5958989747437,9.99999999999983,1.57079632679496,64.1606090600398,-99.9999999999995,0
63.615903975994,9.99999999999983,1.57079632679496,64.3606590725429,-99.9999999999995,0
63.6359089772443,9.99999999999983,1.57079632679496,64.5607090850461,-99.9999999999995,0
63.6559139784946,9.99999999999983,1.57079632679496,64.7607590975492,-99.9999999999995,0
63.6759189797449,9.99999999999983,1.57079632679496,64.9608091100523,-99.9999999999995,0
63.6959239809952,9.99999999999983,1.57079632679496,65.1608591225554,-99.9999999999995,0
63.7159289822456,9.99999999999983,1.57079632679496,65.3609091350586,-99.9999999999995,0
63.7359339834959,9.99999999999983,1.57079632679496,65.5609591475616,-99.9999999999995,0
63.7559389847462,9.99999999999983,1.57079632679496,65.7610091600648,-99.9999999999995,0
63.7759439859965,9.99999999999983,1.57079632679496,65.9610591725678,-99.9999999999995,0
63.7959489872468,9.99999999999983,1.57079632679496,66.1611091850709,-99.9999999999995,0
63.8159539884971,9.99999999999983,1.57079632679496,66.361159197574,-99.9999999999995,0
63.8359589897474,9.99999999999983,1.57079632679496,66.5612092100772,-99.9999999999995,0
63.8559639909978,9.99999999999983,1.57079632679496,66.7612592225803,-99.9999999999995,0
63.8759689922481,9.99999999999983,1.57079632679496,66.9613092350834,-99.9999999999995,0
63.8959739934984,9.99999999999983,1.57079632679496,67.1613592475865,-99.9999999999995,0
63.9159789947487,9.99999999999983,1.57079632679496,67.3614092600896,-99.9999999999995,0
63.935983995999,9.99999999999983,1.57079632679496,67.5614592725928,-99.9999999999995,0
63.9559889972493,9.99999999999983,1.57079632679496,67.7615092850959,-99.9999999999995,0
63.9759939984996,9.99999999999983,1.57079632679496,67.961559297599,-99.9999999999995,0
63.9959989997499,9.99999999999983,1.57079632679496,68.1616093101021,-99.9999999999995,0
64.0160040010003,9.99999999999983,1.57079632679496,68.3616593226053,-99.9999999999995,0
64.0360090022506,9.99999999999983,1.57079632679496,68.5617093351083,-99.9999999999995,0
64.0560140035009,9.99999999999983,1.57079632679496,68.7617593476115,-99.9999999999995,0
64.0760190047512,9.99999999999983,1.57079632679496,68.9618093601146,-99.9999999999995,0
64.0960240060015,9.99999999999983,1.57079632679496,69.1618593726177,-99.9999999999995,0
64.1160290072518,9.99999999999983,1.57079632679496,69.3619093851208,-99.9999999999995,0
64.1360340085021,9.99999999999983,1.57079632679496,69.5619593976239,-99.9999999999995,0
64.1560390097524,9.99999999999983,1.57079632679496,69.762009410127,-99.9999999999995,0
64.1760440110027,9.99999999999983,1.57079632679496,69.96205942263,-99.9999999999995,0
64.1960490122531,9.99999999999983,1.57079632679496,70.1621094351333,-99.9999999999995,0
64.2160540135034,9.99999999999983,1.57079632679496,70.3621594476364,-99.9999999999995,0
64.2360590147537,9.99999999999983,1.57079632679496,70.5622094601396,-99.9999999999995,0
64.256064016004,9.99999999999983,1.57079632679496,70.7622594726426,-99.9999999999995,0
64.2760690172543,9.99999999999983,1.57079632679496,70.9623094851457,-99.9999999999995,0
64.2960740185046,9.99999999999983,1.57079632679496,71.1623594976489,-99.9999999999995,0
64.3160790197549,9.99999999999983,1.57079632679496,71.3624095101519,-99.9999999999995,0
64.3360840210052,9.99999999999983,1.57079632679496,71.562459522655,-99.9999999999995,0
64.3560890222556,9.99999999999983,1.57079632679496,71.7625095351581,-99.9999999999995,0
64.3760940235059,9.99999999999983,1.57079632679496,71.9625595476613,-99.9999999999995,0
64.3960990247562,9.99999999999983,1.57079632679496,72.1626095601643,-99.9999999999995,0
64.4161040260065,9.99999999999983,1.57079632679496,72.3626595726676,-99.9999999999995,0
64.4361090272568,9.99999999999983,1.57079632679496,72.5627095851707,-99.9999999999995,0
64.4561140285071,9.99999999999983,1.57079632679496,72.7627595976737,-99.9999999999995,0
64.4761190297574,9.99999999999983,1.57079632679496,72.9628096101768,-99.9999999999995,0
64.4961240310078,9.99999999999983,1.57079632679496,73.16285962268,-99.9999999999995,0
64.5161290322581,9.99999999999983,1.57079632679496,73.3629096351831,-99.9999999999995,0
64.5361340335084,9.99999999999983,1.57079632679496,73.5629596476861,-99.9999999999995,0
64.5561390347587,9.99999999999983,1.57079632679496,73.7630096601893,-99.9999999999995,0
64.576144036009,9.99999999999983,1.57079632679496,73.9630596726924,-99.9999999999995,0
64.5961490372593,9.99999999999983,1.57079632679496,74.1631096851956,-99.9999999999995,0
64.6161540385096,9.99999999999983,1.57079632679496,74.3631596976987,-99.9999999999995,0
64.6361590397599,9.99999999999983,1.57079632679496,74.5632097102018,-99.9999999999995,0
64.6561640410103,9.99999999999983,1.57079632679496,74.763259722705,-99.9999999999995,0
64.6761690422606,9.99999999999983,1.57079632679496,74.963309735208,-99.9999999999995,0
64.6961740435109,9.99999999999983,1.57079632679496,75.1633597477111,-99.9999999999995,0
64.7161790447612,9.99999999999983,1.57079632679496,75.3634097602143,-99.9999999999995,0
64.7361840460115,9.99999999999983,1.57079632679496,75.5634597727174,-99.9999999999995,0
64.7561890472618,9.99999999999983,1.57079632679496,75.7635097852204,-99.9999999999995,0
64.7761940485121,9.99999999999983,1.57079632679496,75.9635597977235,-99.9999999999995,0
64.7961990497624,9.99999999999983,1.57079632679496,76.1636098102267,-99.9999999999995,0
64.8162040510127,9.99999999999983,1.57079632679496,76.3636598227297,-99.9999999999995,0
64.8362090522631,9.99999999999983,1.57079632679496,76.5637098352329,-99.9999999999995,0
64.8562140535134,9.99999999999983,1.57079632679496,76.7637598477361,-99.9999999999995,0
64.8762190547637,9.99999999999983,1.57079632679496,76.9638098602392,-99.9999999999995,0
64.896224056014,9.99999999999983,1.57079632679496,77.1638598727423,-99.9999999999995,0
64.9162290572643,9.99999999999983,1.57079632679496,77.3639098852454,-99.9999999999995,0
64.9362340585146,9.99999999999983,1.57079632679496,77.5639598977485,-99.9999999999995,0
64.9562390597649,9.99999999999983,1.57079632679496,77.7640099102515,-99.9999999999995,0
64.9762440610153,9.99999999999983,1.57079632679496,77.9640599227547,-99.9999999999995,0
64.9962490622656,9.99999999999983,1.57079632679496,78.1641099352578,-99.9999999999995,0
65.0162540635159,9.99999999999983,1.57079632679496,78.3641599477609,-99.9999999999995,0
65.0362590647662,9.99999999999983,1.57079632679496,78.564209960264,-99.9999999999995,0
65.0562640660165,9.99999999999983,1.57079632679496,78.7642599727672,-99.9999999999995,0
65.0762690672668,9.99999999999983,1.57079632679496,78.9643099852703,-99.9999999999995,0
65.0962740685171,9.99999999999983,1.57079632679496,79.1643599977735,-99.9999999999995,0
65.1162790697674,9.99999999999983,1.57079632679496,79.3644100102765,-99.9999999999995,0
65.1362840710178,9.99999999999983,1.57079632679496,79.5644600227796,-99.9999999999995,0
65.1562890722681,9.99999999999983,1.57079632679496,79.7645100352828,-99.9999999999995,0
65.1762940735184,9.99999999999983,1.57079632679496,79.9645600477858,-99.9999999999995,0
65.1962990747687,9.99999999999983,1.57079632679496,80.1646100602889,-99.9999999999995,0
65.216304076019,9.99999999999983,1.57079632679496,80.364660072792,-99.9999999999995,0
65.2363090772693,9.99999999999983,1.57079632679496,80.5647100852952,-99.9999999999995,0
65.2563140785196,9.99999999999983,1.57079632679496,80.7647600977984,-99.9999999999995,0
65.2763190797699,9.99999999999983,1.57079632679496,80.9648101103015,-99.9999999999995,0
65.2963240810203,9.99999999999983,1.57079632679496,81.1648601228046,-99.9999999999995,0
65.3163290822706,9.99999999999983,1.57079632679496,81.3649101353077,-99.9999999999995,0
65.3363340835209,9.99999999999983,1.57079632679496,81.5649601478108,-99.9999999999995,0
65.3563390847712,9.99999999999983,1.57079632679496,81.7650101603139,-99.9999999999995,0
65.3763440860215,9.99999999999983,1.57079632679496,81.965060172817,-99.9999999999995,0
65.3963490872718,9.99999999999983,1.57079632679496,82.1651101853201,-99.9999999999995,0
65.4163540885221,9.99999999999983,1.57079632679496,82.3651601978232,-99.9999999999995,0
65.4363590897724,9.99999999999983,1.57079632679496,82.5652102103263,-99.9999999999995,0
65.4563640910227,9.99999999999983,1.57079632679496,82.7652602228293,-99.9999999999995,0
65.4763690922731,9.99999999999983,1.57079632679496,82.9653102353326,-99.9999999999995,0
65.4963740935234,9.99999999999983,1.57079632679496,83.1653602478357,-99.9999999999995,0
65.5163790947737,9.99999999999983,1.57079632679496,83.3654102603389,-99.9999999999995,0
65.536384096024,9.99999999999983,1.57079632679496,83.5654602728419,-99.9999999999995,0
65.5563890972743,9.99999999999983,1.57079632679496,83.765510285345,-99.9999999999995,0
65.5763940985246,9.99999999999983,1.57079632679496,83.9655602978482,-99.9999999999995,0
65.5963990997749,9.99999999999983,1.57079632679496,84.1656103103513,-99.9999999999995,0
65.6164041010253,9.99999999999983,1.57079632679496,84.3656603228543,-99.9999999999995,0
65.6364091022756,9.99999999999983,1.57079632679496,84.5657103353575,-99.9999999999995,0
65.6564141035259,9.99999999999983,1.57079632679496,84.7657603478606,-99.9999999999995,0
65.6764191047762,9.99999999999983,1.57079632679496,84.9658103603637,-99.9999999999995,0
65.6964241060265,9.99999999999983,1.57079632679496,85.1658603728669,-99.9999999999995,0
65.7164291072768,9.99999999999983,1.57079632679496,85.36591038537,-99.9999999999995,0
65.7364341085271,9.99999999999983,1.57079632679496,85.5659603978731,-99.9999999999995,0
65.7564391097774,9.99999999999983,1.57079632679496,85.7660104103762,-99.9999999999995,0
65.7764441110278,9.99999999999983,1.57079632679496,85.9660604228793,-99.9999999999995,0
65.7964491122781,9.99999999999983,1.57079632679496,86.1661104353824,-99.9999999999995,0
65.8164541135284,9.99999999999983,1.57079632679496,86.3661604478855,-99.9999999999995,0
65.8364591147787,9.99999999999983,1.57079632679496,86.5662104603886,-99.9999999999995,0
65.856464116029,9.99999999999983,1.57079632679496,86.7662604728917,-99.9999999999995,0
65.8764691172793,9.99999999999983,1.57079632679496,86.9663104853948,-99.9999999999995,0
65.8964741185296,9.99999999999983,1.57079632679496,87.166360497898,-99.9999999999995,0
65.91647911978,9.99999999999983,1.57079632679496,87.3664105104011,-99.9999999999995,0
65.9364841210303,9.99999999999983,1.57079632679496,87.5664605229043,-99.9999999999995,0
65.9564891222806,9.99999999999983,1.57079632679496,87.7665105354073,-99.9999999999995,0
65.9764941235309,9.99999999999983,1.57079632679496,87.9665605479104,-99.9999999999995,0
65.9964991247812,9.99999999999983,1.57079632679496,88.1666105604135,-99.9999999999995,0
66.0165041260315,9.99999999999983,1.57079632679496,88.3666605729167,-99.9999999999995,0
66.0365091272818,9.99999999999983,1.57079632679496,88.5667105854197,-99.9999999999995,0
66.0565141285321,9.99999999999983,1.57079632679496,88.7667605979228,-99.9999999999995,0
66.0765191297824,9.99999999999983,1.57079632679496,88.966810610426,-99.9999999999995,0
66.0965241310328,9.99999999999983,1.57079632679496,89.1668606229291,-99.9999999999995,0
66.1165291322831,9.99999999999983,1.57079632679496,89.3669106354323,-99.9999999999995,0
66.1365341335334,9.99999999999983,1.57079632679496,89.5669606479354,-99.9999999999995,0
66.1565391347837,9.99999999999983,1.57079632679496,89.7670106604385,-99.9999999999995,0
66.176544136034,9.99999999999983,1.57079632679496,89.9670606729416,-99.9999999999995,0
66.1965491372843,9.99999999999983,1.57079632679496,90.1671106854447,-99.9999999999995,0
66.2165541385346,9.99999999999983,1.57079632679496,90.3671606979478,-99.9999999999995,0
66.2365591397849,9.99999999999983,1.57079632679496,90.567210710451,-99.9999999999995,0
66.2565641410353,9.99999999999983,1.57079632679496,90.767260722954,-99.9999999999995,0
66.2765691422856,9.99999999999983,1.57079632679496,90.9673107354571,-99.9999999999995,0
66.2965741435359,9.99999999999983,1.57079632679496,91.1673607479602,-99.9999999999995,0
66.3165791447862,9.99999999999983,1.57079632679496,91.3674107604634,-99.9999999999995,0
66.3365841460365,9.99999999999983,1.57079632679496,91.5674607729665,-99.9999999999995,0
66.3565891472868,9.99999999999983,1.57079632679496,91.7675107854697,-99.9999999999995,0
66.3765941485371,9.99999999999983,1.57079632679496,91.9675607979728,-99.9999999999995,0
66.3965991497874,9.99999999999983,1.57079632679496,92.1676108104758,-99.9999999999995,0
66.4166041510378,9.99999999999983,1.57079632679496,92.3676608229789,-99.9999999999995,0
66.4366091522881,9.99999999999983,1.57079632679496,92.5677108354821,-99.9999999999995,0
66.4566141535384,9.99999999999983,1.57079632679496,92.7677608479851,-99.9999999999995,0
66.4766191547887,9.99999999999983,1.57079632679496,92.9678108604882,-99.9999999999995,0
66.496624156039,9.99999999999983,1.57079632679496,93.1678608729914,-99.9999999999995,0
66.5166291572893,9.99999999999983,1.57079632679496,93.3679108854945,-99.9999999999995,0
66.5366341585396,9.99999999999983,1.57079632679496,93.5679608979977,-99.9999999999995,0
66.55663915979,9.99999999999983,1.57079632679496,93.7680109105008,-99.9999999999995,0
66.5766441610403,9.99999999999983,1.57079632679496,93.9680609230039,-99.9999999999995,0
66.5966491622906,9.99999999999983,1.57079632679496,94.1681109355071,-99.9999999999995,0
66.6166541635409,9.99999999999983,1.57079632679496,94.3681609480101,-99.9999999999995,0
66.6366591647912,9.99999999999983,1.57079632679496,94.5682109605132,-99.9999999999995,0
66.6566641660415,9.99999999999983,1.57079632679496,94.7682609730164,-99.9999999999995,0
66.6766691672918,9.99999999999983,1.57079632679496,94.9683109855194,-99.9999999999995,0
66.6966741685421,9.99999999999983,1.57079632679496,95.1683609980225,-99.9999999999995,0
66.7166791697924,9.99999999999983,1.57079632679496,95.3684110105256,-99.9999999999995,0
66.7366841710428,9.99999999999983,1.57079632679496,95.5684610230288,-99.9999999999995,0
66.7566891722931,9.99999999999983,1.57079632679496,95.7685110355319,-99.9999999999995,0
66.7766941735434,9.99999999999983,1.57079632679496,95.9685610480351,-99.9999999999995,0
66.7966991747937,9.99999999999983,1.57079632679496,96.1686110605382,-99.9999999999995,0
66.816704176044,9.99999999999983,1.57079632679496,96.3686610730412,-99.9999999999995,0
66.8367091772943,9.99999999999983,1.57079632679496,96.5687110855443,-99.9999999999995,0
66.8567141785446,9.99999999999983,1.57079632679496,96.7687610980475,-99.9999999999995,0
66.8767191797949,9.99999999999983,1.57079632679496,96.9688111105506,-99.9999999999995,0
66.8967241810453,9.99999999999983,1.57079632679496,97.1688611230536,-99.9999999999995,0
66.9167291822956,9.99999999999983,1.57079632679496,97.3689111355567,-99.9999999999995,0
66.9367341835459,9.99999999999983,1.57079632679496,97.5689611480599,-99.9999999999995,0
66.9567391847962,9.99999999999983,1.57079632679496,97.7690111605631,-99.9999999999995,0
66.9767441860465,9.99999999999983,1.57079632679496,97.9690611730662,-99.9999999999995,0
66.9967491872968,9.99999999999983,1.57079632679496,98.1691111855693,-99.9999999999995,0
67.0167541885471,9.99999999999983,1.57079632679496,98.3691611980724,-99.9999999999995,0
67.0367591897975,9.99999999999983,1.57079632679496,98.5692112105755,-99.9999999999995,0
67.0567641910478,9.99999999999983,1.57079632679496,98.7692612230786,-99.9999999999995,0
67.0767691922981,9.99999999999983,1.57079632679496,98.9693112355817,-99.9999999999995,0
67.0967741935484,9.99999999999983,1.57079632679496,99.1693612480849,-99.9999999999995,0
67.1167791947987,9.99999999999983,1.57079632679496,99.3694112605879,-99.9999999999995,0
67.136784196049,9.99999999999983,1.57079632679496,99.569461273091,-99.9999999999995,0
67.1567891972993,9.99999999999983,1.57079632679496,99.7695112855942,-99.9999999999995,0
67.1767941985496,9.99999999999983,1.57079632679496,99.9695612980973,-99.9999999999995,0
67.1967991998,9.99999999999983,1.57079632679496,100.1696113106,-99.9999999999995,0
67.2168042010503,9.99999999999983,1.57079632679496,100.369661323104,-99.9999999999995,0
67.2368092023006,9.99999999999983,1.57079632679496,100.569711335607,-99.9999999999995,0
67.2568142035509,9.99999999999983,1.57079632679496,100.76976134811,-99.9999999999995,0
67.2768192048012,9.99999999999983,1.57079632679496,100.969811360613,-99.9999999999995,0
67.2968242060515,9.99999999999983,1.57079632679496,101.169861373116,-99.9999999999995,0
67.3168292073018,9.99999999999983,1.57079632679496,101.369911385619,-99.9999999999995,0
67.3368342085521,9.99999999999983,1.57079632679496,101.569961398122,-99.9999999999995,0
67.3568392098024,9.99999999999983,1.57079632679496,101.770011410625,-99.9999999999995,0
67.3768442110528,9.99999999999983,1.57079632679496,101.970061423129,-99.9999999999995,0
67.3968492123031,9.99999999999983,1.57079632679496,102.170111435632,-99.9999999999995,0
67.4168542135534,9.99999999999983,1.57079632679496,102.370161448135,-99.9999999999995,0
67.4368592148037,9.99999999999983,1.57079632679496,102.570211460638,-99.9999999999995,0
67.456864216054,9.99999999999983,1.57079632679496,102.770261473141,-99.9999999999995,0
67.4768692173043,9.99999999999983,1.57079632679496,102.970311485644,-99.9999999999995,0
67.4968742185546,9.99999999999983,1.57079632679496,103.170361498147,-99.9999999999995,0
67.5168792198049,9.99999999999983,1.57079632679496,103.37041151065,-99.9999999999995,0
67.5368842210553,9.99999999999983,1.57079632679496,103.570461523153,-99.9999999999995,0
67.5568892223056,9.99999999999983,1.57079632679496,103.770511535656,-99.9999999999995,0
67.5768942235559,9.99999999999983,1.57079632679496,103.97056154816,-99.9999999999995,0
67.5968992248062,9.99999999999983,1.57079632679496,104.170611560663,-99.9999999999995,0
67.6169042260565,9.99999999999983,1.57079632679496,104.370661573166,-99.9999999999995,0
67.6369092273068,9.99999999999983,1.57079632679496,104.570711585669,-99.9999999999995,0
67.6569142285571,9.99999999999983,1.57079632679496,104.770761598172,-99.9999999999995,0
67.6769192298075,9.99999999999983,1.57079632679496,104.970811610675,-99.9999999999995,0
67.6969242310578,9.99999999999983,1.57079632679496,105.170861623178,-99.9999999999995,0
67.7169292323081,9.99999999999983,1.57079632679496,105.370911635681,-99.9999999999995,0
67.7369342335584,9.99999999999983,1.57079632679496,105.570961648185,-99.9999999999995,0
67.7569392348087,9.99999999999983,1.57079632679496,105.771011660688,-99.9999999999995,0
67.776944236059,9.99999999999983,1.57079632679496,105.971061673191,-99.9999999999995,0
67.7969492373093,9.99999999999983,1.57079632679496,106.171111685694,-99.9999999999995,0
67.8169542385596,9.99999999999983,1.57079632679496,106.371161698197,-99.9999999999995,0
67.83695923981,9.99999999999983,1.57079632679496,106.5712117107,-99.9999999999995,0
67.8569642410603,9.99999999999983,1.57079632679496,106.771261723203,-99.9999999999995,0
67.8769692423106,9.99999999999983,1.57079632679496,106.971311735706,-99.9999999999995,0
67.8969742435609,9.99999999999983,1.57079632679496,107.171361748209,-99.9999999999995,0
67.9169792448112,9.99999999999983,1.57079632679496,107.371411760713,-99.9999999999995,0
67.9369842460615,9.99999999999983,1.57079632679496,107.571461773216,-99.9999999999995,0
67.9569892473118,9.99999999999983,1.57079632679496,107.771511785719,-99.9999999999995,0
67.9769942485621,9.99999999999983,1.57079632679496,107.971561798222,-99.9999999999995,0
67.9969992498124,9.99999999999983,1.57079632679496,108.171611810725,-99.9999999999995,0
68.0170042510628,9.99999999999983,1.57079632679496,108.371661823228,-99.9999999999995,0
68.0370092523131,9.99999999999983,1.57079632679496,108.571711835731,-99.9999999999995,0
68.0570142535634,9.99999999999983,1.57079632679496,108.771761848234,-99.9999999999995,0
68.0770192548137,9.99999999999983,1.57079632679496,108.971811860738,-99.9999999999995,0
68.097024256064,9.99999999999983,1.57079632679496,109.171861873241,-99.9999999999995,0
68.1170292573143,9.99999999999983,1.57079632679496,109.371911885744,-99.9999999999995,0
68.1370342585646,9.99999999999983,1.57079632679496,109.571961898247,-99.9999999999995,0
68.157039259815,9.99999999999983,1.57079632679496,109.77201191075,-99.9999999999995,0
68.1770442610653,9.99999999999983,1.57079632679496,109.972061923253,-99.9999999999995,0
68.1970492623156,9.99999999999983,1.57079632679496,110.172111935756,-99.9999999999995,0
68.2170542635659,9.99999999999983,1.57079632679496,110.372161948259,-99.9999999999995,0
68.2370592648162,9.99999999999983,1.57079632679496,110.572211960762,-99.9999999999995,0
68.2570642660665,9.99999999999983,1.57079632679496,110.772261973266,-99.9999999999995,0
68.2770692673168,9.99999999999983,1.57079632679496,110.972311985769,-99.9999999999995,0
68.2970742685671,9.99999999999983,1.57079632679496,111.172361998272,-99.9999999999995,0
68.3170792698175,9.99999999999983,1.57079632679496,111.372412010775,-99.9999999999995,0
68.3370842710678,9.99999999999983,1.57079632679496,111.572462023278,-99.9999999999995,0
68.3570892723181,9.99999999999983,1.57079632679496,111.772512035781,-99.9999999999995,0
68.3770942735684,9.99999999999983,1.57079632679496,111.972562048284,-99.9999999999995,0
68.3970992748187,9.99999999999983,1.57079632679496,112.172612060787,-99.9999999999995,0
68.417104276069,9.99999999999983,1.57079632679496,112.37266207329,-99.9999999999995,0
68.4371092773193,9.99999999999983,1.57079632679496,112.572712085794,-99.9999999999995,0
68.4571142785696,9.99999999999983,1.57079632679496,112.772762098297,-99.9999999999995,0
68.47711927982,9.99999999999983,1.57079632679496,112.9728121108,-99.9999999999995,0
68.4971242810703,9.99999999999983,1.57079632679496,113.172862123303,-99.9999999999995,0
68.5171292823206,9.99999999999983,1.57079632679496,113.372912135806,-99.9999999999995,0
68.5371342835709,9.99999999999983,1.57079632679496,113.572962148309,-99.9999999999995,0
68.5571392848212,9.99999999999983,1.57079632679496,113.773012160812,-99.9999999999995,0
68.5771442860715,9.99999999999983,1.57079632679496,113.973062173315,-99.9999999999995,0
68.5971492873218,9.99999999999983,1.57079632679496,114.173112185818,-99.9999999999995,0
68.6171542885721,9.99999999999983,1.57079632679496,114.373162198321,-99.9999999999995,0
68.6371592898224,9.99999999999983,1.57079632679496,114.573212210825,-99.9999999999995,0
68.6571642910728,9.99999999999983,1.57079632679496,114.773262223328,-99.9999999999995,0
68.6771692923231,9.99999999999983,1.57079632679496,114.973312235831,-99.9999999999995,0
68.6971742935734,9.99999999999983,1.57079632679496,115.173362248334,-99.9999999999995,0
68.7171792948237,9.99999999999983,1.57079632679496,115.373412260837,-99.9999999999995,0
68.737184296074,9.99999999999983,1.57079632679496,115.57346227334,-99.9999999999995,0
68.7571892973243,9.99999999999983,1.57079632679496,115.773512285843,-99.9999999999995,0
68.7771942985746,9.99999999999983,1.57079632679496,115.973562298346,-99.9999999999995,0
68.797199299825,9.99999999999983,1.57079632679496,116.17361231085,-99.9999999999995,0
68.8172043010753,9.99999999999983,1.57079632679496,116.373662323353,-99.9999999999995,0
68.8372093023256,9.99999999999983,1.57079632679496,116.573712335856,-99.9999999999995,0
68.8572143035759,9.99999999999983,1.57079632679496,116.773762348359,-99.9999999999995,0
68.8772193048262,9.99999999999983,1.57079632679496,116.973812360862,-99.9999999999995,0
68.8972243060765,9.99999999999983,1.57079632679496,117.173862373365,-99.9999999999995,0
68.9172293073268,9.99999999999983,1.57079632679496,117.373912385868,-99.9999999999995,0
68.9372343085771,9.99999999999983,1.57079632679496,117.573962398371,-99.9999999999995,0
68.9572393098275,9.99999999999983,1.57079632679496,117.774012410874,-99.9999999999995,0
68.9772443110778,9.99999999999983,1.57079632679496,117.974062423378,-99.9999999999995,0
68.9972493123281,9.99999999999983,1.57079632679496,118.174112435881,-99.9999999999995,0
69.0172543135784,9.99999999999983,1.57079632679496,118.374162448384,-99.9999999999995,2
69.0372593148287,9.8815579519879,1.57079632679496,118.571843619927,-99.9999999999995,2
69.057264316079,9.70478150787688,1.57079632679496,118.765988576166,-99.9999999999995,2
69.0772693173293,9.52173574643637,1.57079632679496,118.956471701947,-99.9999999999995,2
69.0972743185797,9.3386899849961,1.57079632679496,119.143292997271,-99.9999999999995,2
69.11727931983,9.15564422355573,1.57079632679496,119.326452462137,-99.9999999999995,2
69.1372843210803,8.97259846211535,1.57079632679497,119.505950096546,-99.9999999999995,2
69.1572893223306,8.78988552012983,1.57079632679497,119.681792556886,-99.9999999999995,2
69.1772943235809,8.61038971617893,1.57079632679497,119.854044187844,-99.9999999999995,2
69.1972993248312,8.4345490824455,1.57079632679497,120.022778111128,-99.9999999999995,2
69.2173043260815,8.26229924148523,1.57079632679497,120.18806616086,-99.9999999999995,2
69.2373093273318,8.09356707166626,1.57079632679497,120.349978708364,-99.9999999999995,2
69.2573143285821,7.92828073959933,1.57079632679497,120.508584687928,-99.9999999999995,2
69.2773193298325,7.76636987469209,1.57079632679497,120.663951626072,-99.9999999999995,2
69.2973243310828,7.6077655433708,1.57079632679497,120.816145670295,-99.9999999999995,2
69.3173293323331,7.45240021981736,1.57079632679497,120.965231617233,-99.9999999999995,2
69.3373343335834,7.30020775722083,1.57079632679497,121.111272940253,-99.9999999999995,2
69.3573393348337,7.15112335961656,1.57079632679497,121.254331816469,-99.9999999999995,2
69.377344336084,7.0050835542988,1.57079632679497,121.394469153222,-99.9999999999995,2
69.3973493373343,6.86202616479737,1.57079632679497,121.531744614004,-99.9999999999995,2
69.4173543385846,6.72189028440569,1.57079632679497,121.666216643865,-99.9999999999995,2
69.437359339835,6.58461625025021,1.57079632679497,121.797942494293,-99.9999999999995,2
69.4573643410853,6.45014561788876,1.57079632679497,121.92697824759,-99.9999999999995,2
69.4773693423356,6.31842113642753,1.57079632679497,122.05337884075,-99.9999999999995,2
69.4973743435859,6.1893867241469,1.57079632679497,122.177198088846,-99.9999999999995,2
69.5173793448362,6.06298744462472,1.57079632679497,122.298488707942,-99.9999999999995,2
69.5373843460865,5.93916948334667,1.57079632679498,122.41730233754,-99.9999999999995,2
69.5573893473368,5.81788012479488,1.57079632679498,122.533689562564,-99.9999999999995,2
69.5773943485871,5.69906773000454,1.57079632679498,122.647699934893,-99.9999999999995,2
69.5973993498375,5.5826817145785,1.57079632679498,122.759381994462,-99.9999999999995,2
69.6174043510878,5.46867252715066,1.57079632679498,122.868783289929,-99.9999999999995,2
69.6374093523381,5.35699162828995,1.57079632679498,122.975950398913,-99.9999999999995,2
69.6574143535884,5.24759146983434,1.57079632679498,123.080928947829,-99.9999999999995,2
69.6774193548387,5.1404254746474,1.57079632679498,123.183763631314,-99.9999999999995,2
69.697424356089,5.03544801678777,1.57079632679498,123.28449823125,-99.9999999999995,2
69.7174293573393,4.93261440208421,1.57079632679498,123.383175635413,-99.9999999999995,2
69.7374343585897,4.83188084910718,1.57079632679498,123.479837855724,-99.9999999999995,2
69.75743935984,4.7332044705285,1.57079632679498,123.574526046142,-99.9999999999995,2
69.7774443610903,4.63654325486212,1.57079632679498,123.667280520179,-99.9999999999995,2
69.7974493623406,4.54185604857806,1.57079632679498,123.75814076807,-99.9999999999995,2
69.8174543635909,4.44910253858106,1.57079632679498,123.847145473583,-99.9999999999995,2
69.8374593648412,4.35824323504717,1.57079632679498,123.934332530487,-99.9999999999995,2
69.8574643660915,4.2692394546112,1.57079632679498,124.019739058687,-99.9999999999995,2
69.8774693673418,4.18205330389716,1.57079632679499,124.103401420029,-99.9999999999995,2
69.8974743685921,4.09664766338517,1.57079632679499,124.185355233778,-99.9999999999995,2
69.9174793698425,4.01298617160769,1.57079632679499,124.265635391787,-99.9999999999995,2
69.9374843710928,3.93103320966877,1.57079632679499,124.344276073347,-99.9999999999995,2
69.9574893723431,3.85075388607951,1.57079632679499,124.421310759744,-99.9999999999995,2
69.9774943735934,3.7721140219024,1.57079632679499,124.49677224851,-99.9999999999995,2
69.9974993748437,3.69508013620021,1.57079632679499,124.570692667388,-99.9999999999995,2
70.017504376094,3.61961943178124,1.57079632679499,124.643103488012,-99.9999999999995,2
70.0375093773443,3.54569978123598,1.57079632679499,124.714035539301,-99.9999999999995,2
70.0575143785946,3.47328971325867,1.57079632679499,124.783519020591,-99.9999999999995,2
70.077519379845,3.40235839924868,1.57079632679499,124.851583514488,-99.9999999999995,2
70.0975243810953,3.33287564018512,1.57079632679499,124.918257999463,-99.9999999999995,2
70.1175293823456,3.26481185376943,1.57079632679499,124.983570862191,-99.9999999999995,2
70.1375343835959,3.19813806183092,1.57079632679499,125.047549909637,-99.9999999999995,2
70.1575393848462,3.13282587798939,1.57079632679499,125.110222380894,-99.9999999999995,2
70.1775443860965,3.06884749556936,1.57079632679499,125.171614958777,-99.9999999999995,2
70.1975493873468,3.00617567576146,1.57079632679499,125.231753781191,-99.9999999999995,2
70.2175543885972,2.94478373602561,1.570796326795,125.29066445225,-99.9999999999995,2
70.2375593898475,2.88464553873089,1.570796326795,125.348372053186,-99.9999999999995,2
70.2575643910978,2.82573548002741,1.570796326795,125.404901153021,-99.9999999999995,2
70.2775693923481,2.76802847894538,1.570796326795,125.460275819031,-99.9999999999995,2
70.2975743935984,2.71149996671708,1.570796326795,125.514519626991,-99.9999999999995,2
70.3175793948487,2.6561258763166,1.570796326795,125.567655671215,-99.9999999999995,2
70.337584396099,2.60188263221321,1.570796326795,125.619706574385,-99.9999999999995,2
70.3575893973493,2.54874714033423,1.570796326795,125.670694497183,-99.9999999999995,2
70.3775943985997,2.49669677823273,1.570796326795,125.720641147728,-99.9999999999995,2
70.39759939985,2.44570938545589,1.570796326795,125.769567790818,-99.9999999999995,2
70.4176044011003,2.3957632541102,1.570796326795,125.817495256981,-99.9999999999995,2
70.4376094023506,2.34683711961944,1.570796326795,125.864443951347,-99.9999999999995,2
70.4576144036009,2.29891015167126,1.570796326795,125.910433862333,-99.9999999999995,2
70.4776194048512,2.25196194534849,1.570796326795,125.955484570152,-99.9999999999995,2
70.4976244061015,2.205972512442,1.570796326795,125.999615255155,-99.9999999999995,2
70.5176294073518,2.16092227294057,1.570796326795,126.042844705989,-99.9999999999995,2
70.5376344086021,2.11679204669477,1.570796326795,126.085191327603,-99.9999999999995,2
70.5576394098525,2.07356304525082,1.570796326795,126.12667314908,-99.9999999999995,2
70.5776444111028,2.03121686385176,1.570796326795,126.167307831317,-99.9999999999995,2
70.5976494123531,1.98973547360131,1.570796326795,126.207112674536,-99.9999999999995,2
70.6176544136034,1.94910121378812,1.57079632679501,126.24610462566,-99.9999999999995,2
70.6376594148537,1.90929678436684,1.57079632679501,126.284300285521,-99.9999999999995,2
70.657664416104,1.87030523859255,1.57079632679501,126.32171591593,-99.9999999999995,2
70.6776694173543,1.8321099758057,1.57079632679501,126.358367446599,-99.9999999999995,2
70.6976744186046,1.79469473436428,1.57079632679501,126.394270481926,-99.9999999999995,2
70.717679419855,1.75804358472058,1.57079632679501,126.429440307638,-99.9999999999995,2
70.7376844211053,1.72214092263911,1.57079632679501,126.463891897295,-99.9999999999995,2
70.7576894223556,1.68697146255308,1.57079632679501,126.49763991867,-99.9999999999995,2
70.7776944236059,1.65252023105652,1.57079632679501,126.530698739991,-99.9999999999995,2
70.7976994248562,1.61877256052954,1.57079632679501,126.56308243606,-99.9999999999995,2
70.8177044261065,1.58571408289338,1.57079632679501,126.594804794241,-99.9999999999995,2
70.8377094273568,1.55333072349327,1.57079632679501,126.625879320337,-99.9999999999995,2
70.8577144286072,1.52160869510617,1.57079632679501,126.656319244335,-99.9999999999995,2
70.8777194298575,1.49053449207087,1.57079632679501,126.68613752604,-99.9999999999995,2
70.8977244311078,1.46009488453792,1.57079632679501,126.715346860592,-99.9999999999995,2
70.9177294323581,1.43027691283696,1.57079632679501,126.743959683873,-99.9999999999995,2
70.9377344336084,1.40106788195927,1.57079632679501,126.771988177799,-99.9999999999995,2
70.9577394348587,1.37245535615282,1.57079632679501,126.799444275509,-99.9999999999995,2
70.977744436109,1.34442715362764,1.57079632679501,126.826339666442,-99.9999999999995,2
70.9977494373593,1.31697134136956,1.57079632679501,126.852685801319,-99.9999999999995,2
71.0177544386097,1.29007623005973,1.57079632679501,126.878493897012,-99.9999999999995,2
71.03775943986,1.26373036909777,1.57079632679501,126.903774941324,-99.9999999999995,2
71.0577644411103,1.23792254172674,1.57079632679501,126.928539697668,-99.9999999999995,2
71.0777694423606,1.21264176025764,1.57079632679501,126.952798709643,-99.9999999999995,2
71.0977744436109,1.18787726139138,1.57079632679501,126.976562305531,-99.9999999999995,2
71.1177794448612,1.16361850163622,1.57079632679502,126.999840602689,-99.9999999999995,2
71.1377844461115,1.13985515281902,1.57079632679502,127.022643511857,-99.9999999999995,2
71.1577894473618,1.11657709768793,1.57079632679502,127.04498074138,-99.9999999999995,2
71.1777944486121,1.09377442560498,1.57079632679502,127.066861801339,-99.9999999999995,2
71.1977994498625,1.07143742832659,1.57079632679502,127.088296007601,-99.9999999999995,2
71.2178044511128,1.04955659587041,1.57079632679502,127.109292485785,-99.9999999999995,2
71.2378094523631,1.02812261246629,1.57079632679502,127.129860175146,-99.9999999999995,2
71.2578144536134,1.00712635259018,1.57079632679502,127.150007832386,-99.9999999999995,2
71.2778194548637,0.986558877078899,1.57079632679502,127.169744035372,-99.9999999999995,2
71.297824456114,0.966411429324312,1.57079632679502,127.1890771868,-99.9999999999995,2
71.3178294573643,0.946675431545202,1.57079632679502,127.208015517763,-99.9999999999995,2
71.3378344586147,0.927342481135228,1.57079632679502,127.226567091261,-99.9999999999995,2
71.357839459865,0.908404347085586,1.57079632679502,127.244739805632,-99.9999999999995,2
71.3778444611153,0.889852966480614,1.57079632679502,127.262541397913,-99.9999999999995,2
71.3978494623656,0.871680441065021,1.57079632679502,127.279979447137,-99.9999999999995,2
71.4178544636159,0.853879033881149,1.57079632679502,127.297061377559,-99.9999999999995,2
71.4378594648662,0.836441165975079,1.57079632679502,127.313794461814,-99.9999999999995,2
71.4578644661165,0.819359413169782,1.57079632679502,127.330185824018,-99.9999999999995,2
71.4778694673668,0.802626502904291,1.57079632679502,127.346242442798,-99.9999999999995,2
71.4978744686172,0.78623531113746,1.57079632679502,127.361971154264,-99.9999999999995,2
71.5178794698675,0.770178859314858,1.57079632679502,127.37737865492,-99.9999999999995,2
71.5378844711178,0.754450311397671,1.57079632679502,127.392471504512,-99.9999999999995,2
71.5578894723681,0.739042970952218,1.57079632679502,127.407256128825,-99.9999999999995,2
71.5778944736184,0.723950278298996,1.57079632679502,127.421738822419,-99.9999999999995,2
71.5978994748687,0.709165807719876,1.57079632679502,127.435925751302,-99.9999999999995,2
71.617904476119,0.694683264722318,1.57079632679502,127.449822955566,-99.9999999999995,2
71.6379094773693,0.680496483359532,1.57079632679502,127.463436351947,-99.9999999999995,2
71.6579144786197,0.666599423605339,1.57079632679502,127.476771736354,-99.9999999999995,2
71.67791947987,0.652986168782578,1.57079632679502,127.489834786331,-99.9999999999995,2
71.6979244811203,0.639650923044088,1.57079632679502,127.502631063474,-99.9999999999995,2
71.7179294823706,0.626588008905164,1.57079632679502,127.515166015802,-99.9999999999995,2
71.7379344836209,0.613791864826338,1.57079632679502,127.527444980075,-99.9999999999995,2
71.7579394848712,0.601257042845563,1.57079632679502,127.539473184065,-99.9999999999995,2
71.7779444861215,0.588978206258717,1.57079632679502,127.551255748784,-99.9999999999995,2
71.7979494873718,0.576950127347539,1.57079632679502,127.562797690662,-99.9999999999995,2
71.8179544886221,0.565167685153912,1.57079632679502,127.574103923684,-99.9999999999995,2
71.8379594898725,0.553625863299578,1.57079632679502,127.585179261483,-99.9999999999995,2
71.8579644911228,0.542319747850495,1.57079632679502,127.596028419386,-99.9999999999995,2
71.8779694923731,0.531244525224645,1.57079632679502,127.606656016426,-99.9999999999995,2
71.8979744936234,0.520395480142704,1.57079632679503,127.617066577306,-99.9999999999995,2
71.9179794948737,0.509767993620471,1.57079632679503,127.627264534324,-99.9999999999995,2
71.937984496124,0.499357541002374,1.57079632679503,127.637254229264,-99.9999999999995,2
71.9579894973743,0.489159690035084,1.57079632679503,127.647039915243,-99.9999999999995,2
71.9779944986247,0.479170098980455,1.57079632679503,127.656625758517,-99.9999999999995,2
71.997999499875,0.469384514767068,1.57079632679503,127.666015840264,-99.9999999999995,2
72.0180045011253,0.459798771179466,1.57079632679503,127.675214158313,-99.9999999999995,2
72.0380095023756,0.450408787084391,1.57079632679503,127.684224628852,-99.9999999999995,2
72.0580145036259,0.441210564693216,1.57079632679503,127.69305108809,-99.9999999999995,2
72.0780195048762,0.432200187859944,1.57079632679503,127.701697293895,-99.9999999999995,2
72.0980245061265,0.423373820413852,1.57079632679503,127.710166927392,-99.9999999999995,2
72.1180295073768,0.414727704526252,1.57079632679503,127.718463594531,-99.9999999999995,2
72.1380345086272,0.406258159110618,1.57079632679503,127.72659082762,-99.9999999999995,2
72.1580395098775,0.397961578255344,1.57079632679503,127.734552086831,-99.9999999999995,2
72.1780445111278,0.389834429688535,1.57079632679503,127.742350761672,-99.9999999999995,2
72.1980495123781,0.381873253274122,1.57079632679503,127.749990172432,-99.9999999999995,2
72.2180545136284,0.374074659538737,1.57079632679503,127.757473571592,-99.9999999999995,2
72.2380595148787,0.366435328228626,1.57079632679503,127.764804145212,-99.9999999999995,2
72.258064516129,0.358952006896054,1.57079632679503,127.771985014287,-99.9999999999995,2
72.2780695173794,0.351621509514579,1.57079632679503,127.779019236072,-99.9999999999995,2
72.2980745186297,0.34444071512259,1.57079632679503,127.785909805391,-99.9999999999995,2
72.31807951988,0.337406566494573,1.57079632679503,127.792659655905,-99.9999999999995,2
72.3380845211303,0.330516068839473,1.57079632679503,127.799271661367,-99.9999999999995,2
72.3580895223806,0.323766288525688,1.57079632679503,127.805748636838,-99.9999999999995,2
72.3780945236309,0.317154351832058,1.57079632679503,127.812093339893,-99.9999999999995,2
72.3980995248812,0.310677443724385,1.57079632679503,127.818308471792,-99.9999999999995,2
72.4181045261315,0.304332806656919,1.57079632679503,127.82439667863,-99.9999999999995,2
72.4381095273818,0.298117739398348,1.57079632679503,127.830360552462,-99.9999999999995,2
72.4581145286322,0.292029595881747,1.57079632679503,127.836202632409,-99.9999999999995,2
72.4781195298825,0.286065784077992,1.57079632679503,127.84192540574,-99.9999999999995,2
72.4981245311328,0.280223764892242,1.57079632679503,127.847531308926,-99.9999999999995,2
72.5181295323831,0.274501051082882,1.57079632679503,127.853022728683,-99.9999999999995,2
72.5381345336334,0.268895206202604,1.57079632679503,127.858402002985,-99.9999999999995,2
72.5581395348837,0.263403843561065,1.57079632679503,127.863671422059,-99.9999999999995,2
72.578144536134,0.25802462520878,1.57079632679503,127.868833229363,-99.9999999999995,2
72.5981495373843,0.252755260941728,1.57079632679503,127.873889622537,-99.9999999999995,2
72.6181545386347,0.247593507326282,1.57079632679503,127.878842754343,-99.9999999999995,2
72.638159539885,0.242537166744094,1.57079632679503,127.883694733578,-99.9999999999995,2
72.6581645411353,0.23758408645644,1.57079632679503,127.888447625974,-99.9999999999995,2
72.6781695423856,0.2327321576877,1.57079632679503,127.893103455077,-99.9999999999995,2
72.6981745436359,0.22797931472753,1.57079632679503,127.897664203107,-99.9999999999995,2
72.7181795448862,0.223323534051414,1.57079632679503,127.902131811805,-99.9999999999995,2
72.7381845461365,0.218762833459123,1.57079632679503,127.906508183256,-99.9999999999995,2
72.7581895473868,0.214295271230805,1.57079632679503,127.910795180702,-99.9999999999995,2
72.7781945486372,0.209918945300284,1.57079632679503,127.914994629334,-99.9999999999995,2
72.7981995498875,0.205631992445275,1.57079632679503,127.919108317069,-99.9999999999995,2
72.8182045511378,0.201432587494106,1.57079632679503,127.92313799531,-99.9999999999995,2
72.8382095523881,0.197318942548643,1.57079632679503,127.927085379694,-99.9999999999995,2
72.8582145536384,0.193289306223106,1.57079632679503,127.930952150822,-99.9999999999995,2
72.8782195548887,0.18934196289841,1.57079632679503,127.934739954973,-99.9999999999995,2
72.898224556139,0.185475231991737,1.57079632679503,127.938450404806,-99.9999999999995,2
72.9182295573894,0.181687467241033,1.57079632679503,127.942085080045,-99.9999999999995,2
72.9382345586397,0.177977056004106,1.57079632679503,127.945645528157,-99.9999999999995,2
72.95823955989,0.174342418572051,1.57079632679503,127.949133265001,-99.9999999999995,2
72.9782445611403,0.170782007496674,1.57079632679503,127.952549775485,-99.9999999999995,2
72.9982495623906,0.167294306931682,1.57079632679503,127.955896514187,-99.9999999999995,2
73.0182545636409,0.163877831987304,1.57079632679503,127.959174905984,-99.9999999999995,2
73.0382595648912,0.160531128098099,1.57079632679503,127.962386346652,-99.9999999999995,2
73.0582645661415,0.157252770403669,1.57079632679503,127.965532203463,-99.9999999999995,2
73.0782695673918,0.154041363142034,1.57079632679503,127.968613815766,-99.9999999999995,2
73.0982745686422,0.150895539055383,1.57079632679503,127.97163249556,-99.9999999999995,2
73.1182795698925,0.147813958807954,1.57079632679503,127.974589528048,-99.9999999999995,2
73.1382845711428,0.144795310415832,1.57079632679503,127.977486172188,-99.9999999999995,2
73.1582895723931,0.14183830868835,1.57079632679503,127.980323661227,-99.9999999999995,2
73.1782945736434,0.138941694680933,1.57079632679503,127.983103203227,-99.9999999999995,2
73.1982995748937,0.13610423515909,1.57079632679503,127.98582598158,-99.9999999999995,2
73.218304576144,0.133324722073377,1.57079632679503,127.988493155509,-99.9999999999995,2
73.2383095773943,0.130601972045063,1.57079632679503,127.991105860564,-99.9999999999995,2
73.2583145786447,0.127934825862307,1.57079632679503,127.993665209106,-99.9999999999995,2
73.278319579895,0.125322147986618,1.57079632679503,127.996172290778,-99.9999999999995,2
73.2983245811453,0.12276282606941,1.57079632679503,127.998628172971,-99.9999999999995,2
73.3183295823956,0.120255770478411,1.57079632679503,128.001033901278,-99.9999999999995,2
73.3383345836459,0.117799913833756,1.57079632679503,128.003390499939,-99.9999999999995,2
73.3583395848962,0.115394210553546,1.57079632679503,128.005698972276,-99.9999999999995,2
73.3783445861465,0.113037636408694,1.57079632679503,128.007960301123,-99.9999999999995,2
73.3983495873969,0.110729188086861,1.57079632679503,128.01017544924,-99.9999999999995,2
73.4183545886472,0.108467882765287,1.57079632679503,128.012345359729,-99.9999999999995,2
73.4383595898975,0.106252757692365,1.57079632679503,128.014470956429,-99.9999999999995,2
73.4583645911478,0.104082869777744,1.57079632679503,128.016553144315,-99.9999999999995,2
73.4783695923981,0.101957295190804,1.57079632679503,128.018592809877,-99.9999999999995,2
73.4983745936484,0.0998751289673422,1.57079632679503,128.020590821506,-99.9999999999995,2
73.5183795948987,0.0978354846242813,1.57079632679503,128.022548029854,-99.9999999999995,2
73.538384596149,0.0958374937822476,1.57079632679503,128.024465268205,-99.9999999999995,2
73.5583895973994,0.0938803057958602,1.57079632679503,128.026343352822,-99.9999999999995,2
73.5783945986497,0.0919630873915672,1.57079632679503,128.028183083303,-99.9999999999995,2
73.5983995999,0.0900850223128811,1.57079632679503,128.029985242911,-99.9999999999995,2
73.6184046011503,0.0882453109728527,1.57079632679503,128.031750598918,-99.9999999999995,2
73.6384096024006,0.0864431701136534,1.57079632679503,128.033479902925,-99.9999999999995,2
73.6584146036509,0.0846778324730986,1.57079632679503,128.035173891183,-99.9999999999995,2
73.6784196049012,0.0829485464579877,1.57079632679503,128.036833284909,-99.9999999999995,2
73.6984246061515,0.0812545758241088,1.57079632679503,128.038458790589,-99.9999999999995,2
73.7184296074018,0.0795951993627889,1.57079632679503,128.040051100285,-99.9999999999995,2
73.7384346086522,0.0779697105938349,1.57079632679503,128.041610891922,-99.9999999999995,2
73.7584396099025,0.0763774174647503,1.57079632679503,128.043138829582,-99.9999999999995,2
73.7784446111528,0.0748176420560945,1.57079632679503,128.044635563786,-99.9999999999995,2
73.7984496124031,0.0732897202928568,1.57079632679503,128.046101731768,-99.9999999999995,2
73.8184546136534,0.0717930016617289,1.57079632679503,128.04753795775,-99.9999999999995,2
73.8384596149037,0.0703268489341436,1.57079632679503,128.048944853206,-99.9999999999995,2
73.858464616154,0.0688906378949809,1.57079632679503,128.050323017123,-99.9999999999995,2
73.8784696174043,0.0674837570768046,1.57079632679503,128.051673036253,-99.9999999999995,2
73.8984746186547,0.0661056074995309,1.57079632679503,128.052995485369,-99.9999999999995,2
73.918479619905,0.0647556024154098,1.57079632679503,128.054290927503,-99.9999999999995,2
73.9384846211553,0.0634331670592216,1.57079632679503,128.055559914191,-99.9999999999995,2
73.9584896224056,0.0621377384035675,1.57079632679503,128.056802985704,-99.9999999999995,2
73.9784946236559,0.0608687649191612,1.57079632679503,128.05802067128,-99.9999999999995,2
73.9984996249062,0.0596257063400148,1.57079632679503,128.05921348935,-99.9999999999995,2
74.0185046261565,0.058408033433421,1.57079632679503,128.060381947756,-99.9999999999995,0
74.0385096274069,0.141334996107292,1.57079632679503,128.063208939337,-99.9999999999995,0
74.0585146286572,0.259107263272042,1.57079632679503,128.068391824885,-99.9999999999995,0
74.0785196299075,0.379137270773933,1.57079632679503,128.075975910733,-99.9999999999995,0
74.0985246311578,0.499167278275745,1.57079632679503,128.085961196881,-99.9999999999995,0
74.1185296324081,0.619197285777631,1.57079632679503,128.09834768333,-99.9999999999995,0
74.1385346336584,0.739227293279522,1.57079632679503,128.113135370078,-99.9999999999995,0
74.1585396349087,0.859257300781413,1.57079632679503,128.130324257126,-99.9999999999995,0
74.178544636159,0.979287308283311,1.57079632679503,128.149914344475,-99.9999999999995,0
74.1985496374094,1.0993173157852,1.57079632679503,128.171905632123,-99.9999999999995,0
74.2185546386597,1.21934732328709,1.57079632679503,128.196298120072,-99.9999999999995,0
74.23855963991,1.33937733078898,1.57079632679503,128.22309180832,-99.9999999999995,0
74.2585646411603,1.45940733829079,1.57079632679503,128.252286696869,-99.9999999999995,0
74.2785696424106,1.57943734579268,1.57079632679503,128.283882785718,-99.9999999999995,0
74.2985746436609,1.69946735329457,1.57079632679503,128.317880074867,-99.9999999999995,0
74.3185796449112,1.81949736079638,1.57079632679503,128.354278564316,-99.9999999999995,0
74.3385846461615,1.93952736829827,1.57079632679503,128.393078254065,-99.9999999999995,0
74.3585896474118,2.05955737580016,1.57079632679503,128.434279144114,-99.9999999999995,0
74.3785946486622,2.17958738330213,1.57079632679503,128.477881234463,-99.9999999999995,0
74.3985996499125,2.29961739080394,1.57079632679503,128.523884525112,-99.9999999999995,0
74.4186046511628,2.41964739830583,1.57079632679503,128.572289016061,-99.9999999999995,0
74.4386096524131,2.53967740580772,1.57079632679503,128.623094707311,-99.9999999999995,0
74.4586146536634,2.65970741330953,1.57079632679503,128.67630159886,-99.9999999999995,0
74.4786196549137,2.77973742081141,1.57079632679502,128.73190969071,-99.9999999999995,0
74.498624656164,2.8997674283133,1.57079632679502,128.789918982859,-99.9999999999995,0
74.5186296574144,3.0197974358152,1.57079632679502,128.850329475309,-99.9999999999995,0
74.5386346586647,3.13982744331701,1.57079632679502,128.913141168059,-99.9999999999995,0
74.558639659915,3.24121779090392,1.57079632679502,128.97798126791,-99.9999999999995,0
74.5786446611653,3.3412427971555,1.57079632679502,129.044822368012,-99.9999999999995,0
74.5986496624156,3.44126780340708,1.57079632679502,129.113664468364,-99.9999999999995,0
74.6186546636659,3.54129280965865,1.57079632679502,129.184507568965,-99.9999999999995,0
74.6386596649162,3.64131781591022,1.57079632679502,129.257351669817,-99.9999999999995,0
74.6586646661665,3.7413428221618,1.57079632679501,129.332196770919,-99.9999999999995,0
74.6786696674169,3.84136782841331,1.57079632679501,129.409042872271,-99.9999999999995,0
74.6986746686672,3.94139283466488,1.57079632679501,129.487889973873,-99.9999999999995,0
74.7186796699175,4.04141784091646,1.57079632679501,129.568738075725,-99.9999999999995,0
74.7386846711678,4.14144284716803,1.57079632679501,129.651587177827,-99.9999999999995,0
74.7586896724181,4.24146785341954,1.57079632679501,129.736437280179,-99.9999999999995,0
74.7786946736684,4.34149285967112,1.57079632679501,129.823288382781,-99.9999999999995,0
74.7986996749187,4.44151786592269,1.57079632679501,129.912140485634,-99.9999999999995,0
74.818704676169,4.54154287217428,1.57079632679501,130.002993588736,-99.9999999999995,0
74.8387096774194,4.64156787842585,1.570796326795,130.095847692089,-99.9999999999995,0
74.8587146786697,4.74159288467743,1.570796326795,130.190702795691,-99.9999999999995,0
74.87871967992,4.84161789092901,1.570796326795,130.287558899544,-99.9999999999995,0
74.8987246811703,4.94164289718052,1.570796326795,130.386416003646,-99.9999999999995,0
74.9187296824206,5.04166790343209,1.570796326795,130.487274107999,-99.9999999999995,0
74.9387346836709,5.14169290968367,1.570796326795,130.590133212602,-99.9999999999995,0
74.9587396849212,5.24081804579759,1.570796326795,130.694975320052,-99.9999999999995,0
74.9787446861715,5.33800795344793,1.570796326795,130.801761720976,-99.9999999999995,0
74.9987496874218,5.43321486785726,1.570796326795,130.910452745509,-99.9999999999995,0
75.0187546886722,5.52647750879678,1.570796326795,131.021009498273,-99.9999999999995,0
75.0387596899225,5.61783554594147,1.570796326795,131.133393877487,-99.9999999999995,0
75.0587646911728,5.70732787426726,1.57079632679499,131.247568559465,-99.9999999999995,0
75.0787696924231,5.79499259516013,1.57079632679499,131.363496982746,-99.9999999999995,0
75.0987746936734,5.88086703191638,1.57079632679499,131.481143332522,-99.9999999999995,0
75.1187796949237,5.9649877456186,1.57079632679499,131.600472525394,-99.9999999999995,0
75.138784696174,6.04739055070086,1.57079632679499,131.721450194435,-99.9999999999995,0
75.1587896974244,6.12811053019697,1.57079632679499,131.844042674558,-99.9999999999995,0
75.1787946986747,6.2044077683006,1.57079632679499,131.968161502531,-99.9999999999995,0
75.198799699925,6.28042677305179,1.57079632679499,132.093801090695,-99.9999999999995,0
75.2188047011753,6.3562767627785,1.57079632679499,132.220958058748,-99.9999999999995,0
75.2388097024256,6.43068642692786,1.57079632679499,132.349603599281,-99.9999999999995,0
75.2588147036759,6.5035787129856,1.57079632679499,132.479707357128,-99.9999999999995,0
75.2788197049262,6.57498244176819,1.57079632679499,132.611239553562,-99.9999999999995,0
75.2988247061765,6.64492796840335,1.57079632679499,132.744171017106,-99.9999999999995,0
75.3188297074269,6.7134450713164,1.57079632679498,132.878473172007,-99.9999999999995,0
75.3388347086772,6.78056292167889,1.57079632679498,133.014118026082,-99.9999999999995,0
75.3588397099275,6.84631009494815,1.57079632679498,133.151078158802,-99.9999999999995,0
75.3788447111778,6.91071458301555,1.57079632679498,133.289326709621,-99.9999999999995,0
75.3988497124281,6.97380380612362,1.57079632679498,133.428837366536,-99.9999999999995,0
75.4188547136784,7.03560462454035,1.57079632679498,133.569584354886,-99.9999999999995,0
75.4388597149287,7.09614334999483,1.57079632679498,133.71154242638,-99.9999999999995,0
75.4588647161791,7.15544575687934,1.57079632679498,133.854686848344,-99.9999999999995,0
75.4788697174294,7.21353709322327,1.57079632679498,133.998993393195,-99.9999999999995,0
75.4988747186797,7.27044209144201,1.57079632679498,134.144438328124,-99.9999999999995,0
75.51887971993,7.32618497886699,1.57079632679498,134.290998404992,-99.9999999999995,0
75.5388847211803,7.38078948806043,1.57079632679498,134.438650850431,-99.9999999999995,0
75.5588897224306,7.43427886691961,1.57079632679498,134.587373356153,-99.9999999999995,0
75.5788947236809,7.48667588857449,1.57079632679498,134.737144069443,-99.9999999999995,0
75.5988997249312,7.53800286108341,1.57079632679498,134.887941583867,-99.9999999999995,0
75.6189047261815,7.58828163693095,1.57079632679498,135.039744930147,-99.9999999999995,0
75.6389097274319,7.63753362233136,1.57079632679498,135.192533567241,-99.9999999999995,0
75.6589147286822,7.68577978634248,1.57079632679498,135.346287373594,-99.9999999999995,0
75.6789197299325,7.73304066979308,1.57079632679498,135.500986638574,-99.9999999999995,0
75.6989247311828,7.77933639402849,1.57079632679498,135.656612054076,-99.9999999999995,0
75.7189297324331,7.82468666947695,1.57079632679498,135.813144706305,-99.9999999999995,0
75.7389347336834,7.86911080404146,1.57079632679498,135.970566067723,-99.9999999999995,0
75.7589397349337,7.91262771132008,1.57079632679498,136.12885798916,-99.9999999999995,0
75.778944736184,7.95525591865854,1.57079632679498,136.288002692087,-99.9999999999995,0
75.7989497374344,7.99701357503806,1.57079632679497,136.447982761047,-99.9999999999995,0
75.8189547386847,8.0379184588024,1.57079632679497,136.608781136242,-99.9999999999995,0
75.838959739935,8.07798798522705,1.57079632679497,136.770381106266,-99.9999999999995,0
75.8589647411853,8.11723921393367,1.57079632679497,136.932766300994,-99.9999999999995,0
75.8789697424356,8.15568885615332,1.57079632679497,137.09592068461,-99.9999999999995,0
75.8989747436859,8.19335328184113,1.57079632679497,137.259828548781,-99.9999999999995,0
75.9189797449362,8.23024852664609,1.57079632679497,137.424474505968,-99.9999999999995,0
75.9389847461865,8.26639029873796,1.57079632679497,137.589843482877,-99.9999999999995,0
75.9589897474369,8.30179398549515,1.57079632679497,137.755920714037,-99.9999999999995,0
75.9789947486872,8.33647466005595,1.57079632679497,137.92269173552,-99.9999999999995,0
75.9989997499375,8.3704470877358,1.57079632679497,138.090142378778,-99.9999999999995,0
76.0190047511878,8.40372573231373,1.57079632679497,138.258258764612,-99.9999999999995,0
76.0390097524381,8.43632476219024,1.57079632679497,138.427027297263,-99.9999999999995,0
76.0590147536884,8.46825805641964,1.57079632679497,138.596434658625,-99.9999999999995,0
76.0790197549387,8.4995392106189,1.57079632679497,138.766467802573,-99.9999999999995,0
76.0990247561891,8.53018154275601,1.57079632679497,138.93711394941,-99.9999999999995,0
76.1190297574394,8.56019809882031,1.57079632679497,139.108360580422,-99.9999999999995,0
76.1390347586897,8.58960165837655,1.57079632679497,139.280195432557,-99.9999999999995,0
76.15903975994,8.61840474000597,1.57079632679497,139.452606493193,-99.9999999999995,0
76.1790447611903,8.64661960663602,1.57079632679497,139.625581995033,-99.9999999999995,0
76.1990497624406,8.67425827076138,1.57079632679497,139.799110411088,-99.9999999999995,0
76.2190547636909,8.70133249955819,1.57079632679497,139.973180449776,-99.9999999999995,0
76.2390597649412,8.72785381989398,1.57079632679497,140.147781050107,-99.9999999999995,0
76.2590647661915,8.75383352323523,1.57079632679497,140.322901376981,-99.9999999999995,0
76.2790697674419,8.77928267045476,1.57079632679497,140.498530816571,-99.9999999999995,0
76.2990747686922,8.80421209654083,1.57079632679497,140.674658971805,-99.9999999999995,0
76.3190797699425,8.82863241521013,1.57079632679497,140.851275657939,-99.9999999999995,0
76.3390847711928,8.85255402342671,1.57079632679497,141.02837089822,-99.9999999999995,0
76.3590897724431,8.87598710582834,1.57079632679497,141.205934919644,-99.9999999999995,0
76.3790947736934,8.89894163906269,1.57079632679497,141.383958148786,-99.9999999999995,0
76.3990997749437,8.92142739603487,1.57079632679497,141.562431207731,-99.9999999999995,0
76.419104776194,8.94345395006833,1.57079632679497,141.741344910079,-99.9999999999995,0
76.4391097774444,8.96503067898057,1.57079632679497,141.920690257036,-99.9999999999995,0
76.4591147786947,8.98616676907582,1.57079632679497,142.100458433577,-99.9999999999995,0
76.479119779945,9.00687121905619,1.57079632679497,142.280640804701,-99.9999999999995,0
76.4991247811953,9.02715284385274,1.57079632679497,142.461228911748,-99.9999999999995,0
76.5191297824456,9.04702027837846,1.57079632679497,142.6422144688,-99.9999999999995,0
76.5391347836959,9.06648198120468,1.57079632679497,142.823589359155,-99.9999999999995,0
76.5591397849462,9.08554623816226,1.57079632679497,143.00534563187,-99.9999999999995,0
76.5791447861966,9.10422116586924,1.57079632679497,143.187475498375,-99.9999999999995,0
76.5991497874469,9.12251471518656,1.57079632679497,143.369971329157,-99.9999999999995,0
76.6191547886972,9.14043467460314,1.57079632679497,143.552825650513,-99.9999999999995,0
76.6391597899475,9.15798867355175,1.57079632679497,143.736031141369,-99.9999999999995,0
76.6591647911978,9.17518418565736,1.57079632679497,143.91958063016,-99.9999999999995,0
76.6791697924481,9.19202853191893,1.57079632679497,144.103467091778,-99.9999999999995,0
76.6991747936984,9.20852888382645,1.57079632679497,144.287683644583,-99.9999999999995,0
76.7191797949487,9.2246922664141,1.57079632679497,144.472223547471,-99.9999999999995,0
76.7391847961991,9.24052556125117,1.57079632679497,144.657080197003,-99.9999999999995,0
76.7591897974494,9.25603550937196,1.57079632679497,144.842247124595,-99.9999999999995,0
76.7791947986997,9.27122871414574,1.57079632679497,145.027717993768,-99.9999999999995,0
76.79919979995,9.28611164408813,1.57079632679497,145.213486597441,-99.9999999999995,0
76.8192048012003,9.30069063561505,1.57079632679497,145.399546855297,-99.9999999999995,0
76.8392098024506,9.31497189574054,1.57079632679497,145.585892811189,-99.9999999999995,0
76.8592148037009,9.3289615047193,1.57079632679497,145.772518630609,-99.9999999999995,0
76.8792198049512,9.3426654186354,1.57079632679497,145.959418598197,-99.9999999999995,0
76.8992248062015,9.3560894719381,1.57079632679497,146.146587115315,-99.9999999999995,0
76.9192298074519,9.36923937992586,1.57079632679497,146.334018697658,-99.9999999999995,0
76.9392348087022,9.38212074117964,1.57079632679497,146.521707972923,-99.9999999999995,0
76.9592398099525,9.39473903994643,1.57079632679497,146.709649678519,-99.9999999999995,0
76.9792448112028,9.40709964847431,1.57079632679497,146.897838659326,-99.9999999999995,0
76.9992498124531,9.41920782929955,1.57079632679497,147.086269865504,-99.9999999999995,0
77.0192548137034,9.4310687374872,1.57079632679497,147.274938350339,-99.9999999999995,0
77.0392598149537,9.44268742282586,1.57079632679497,147.463839268138,-99.9999999999995,0
77.059264816204,9.45406883197762,1.57079632679497,147.65296787217,-99.9999999999995,0
77.0792698174544,9.46521781058412,1.57079632679497,147.842319512636,-99.9999999999995,0
77.0992748187047,9.47613910532955,1.57079632679497,148.0318896347,-99.9999999999995,0
77.119279819955,9.48683736596159,1.57079632679497,148.221673776541,-99.9999999999995,0
77.1392848212053,9.49731714727104,1.57079632679497,148.41166756746,-99.9999999999995,0
77.1592898224556,9.50758291103095,1.57079632679497,148.601866726013,-99.9999999999995,0
77.1792948237059,9.51763902789636,1.57079632679497,148.792267058194,-99.9999999999995,0
77.1992998249562,9.52748977926498,1.57079632679497,148.982864455646,-99.9999999999995,0
77.2193048262066,9.53713935910009,1.57079632679497,149.173654893913,-99.9999999999995,0
77.2393098274569,9.54659187571603,1.57079632679497,149.364634430724,-99.9999999999995,0
77.2593148287072,9.55585135352741,1.57079632679497,149.55579920432,-99.9999999999995,0
77.2793198299575,9.56492173476245,1.57079632679497,149.747145431805,-99.9999999999995,0
77.2993248312078,9.5738068811414,1.57079632679497,149.938669407537,-99.9999999999995,0
77.3193298324581,9.58251057552065,1.57079632679497,150.13036750155,-99.9999999999995,0
77.3393348337084,9.59103652350334,1.57079632679497,150.322236158012,-99.9999999999995,0
77.3593398349587,9.59938835501695,1.57079632679497,150.514271893703,-99.9999999999995,0
77.3793448362091,9.6075696258588,1.57079632679497,150.706471296542,-99.9999999999995,0
77.3993498374594,9.61558381920989,1.57079632679497,150.898831024126,-99.9999999999995,0
77.4193548387097,9.62343434711791,1.57079632679497,151.091347802311,-99.9999999999995,0
77.43935983996,9.63112455194988,1.57079632679497,151.28401842382,-99.9999999999995,0
77.4593648412103,9.63865770781518,1.57079632679497,151.476839746871,-99.9999999999995,0
77.4793698424606,9.64603702195953,1.57079632679497,151.669808693845,-99.9999999999995,0
77.4993748437109,9.65326563613042,1.57079632679497,151.862922249975,-99.9999999999995,0
77.5193798449612,9.66034662791475,1.57079632679497,152.05617746206,-99.9999999999995,0
77.5393848462115,9.66728301204911,1.57079632679497,152.24957143721,-99.9999999999995,0
77.5593898474619,9.67407774170333,1.57079632679497,152.443101341612,-99.9999999999995,0
77.5793948487122,9.68073370973771,1.57079632679497,152.636764399327,-99.9999999999995,0
77.5993998499625,9.68725374993476,1.57079632679497,152.830557891105,-99.9999999999995,0
77.6194048512128,9.69364063820562,1.57079632679497,153.024479153227,-99.9999999999995,0
77.6394098524631,9.69989709377191,1.57079632679497,153.218525576376,-99.9999999999995,0
77.6594148537134,9.70602578032348,1.57079632679497,153.412694604518,-99.9999999999995,0
77.6794198549637,9.71202930715241,1.57079632679497,153.606983733821,-99.9999999999995,0
77.6994248562141,9.71791023026401,1.57079632679497,153.801390511586,-99.9999999999995,0
77.7194298574644,9.72367105346493,1.57079632679497,153.995912535202,-99.9999999999995,0
77.7394348587147,9.72931422942926,1.57079632679497,154.190547451125,-99.9999999999995,0
77.759439859965,9.73484216074269,1.57079632679497,154.385292953872,-99.9999999999995,0
77.7794448612153,9.74025720092545,1.57079632679497,154.580146785047,-99.9999999999995,0
77.7994498624656,9.74556165543428,1.57079632679497,154.775106732371,-99.9999999999995,0
77.8194548637159,9.75075778264403,1.57079632679497,154.970170628746,-99.9999999999995,0
77.8394598649662,9.75584779480913,1.57079632679497,155.16533635133,-99.9999999999995,0
77.8594648662166,9.76083385900547,1.57079632679497,155.360601820634,-99.9999999999995,0
77.8794698674669,9.76571809805303,1.57079632679497,155.555964999636,-99.9999999999995,0
77.8994748687172,9.77050259141968,1.57079632679497,155.751423892911,-99.9999999999995,0
77.9194798699675,9.77518937610651,1.57079632679497,155.94697654579,-99.9999999999995,0
77.9394848712178,9.77978044751507,1.57079632679497,156.142621043519,-99.9999999999995,0
77.9594898724681,9.78427776029693,1.57079632679497,156.338355510446,-99.9999999999995,0
77.9794948737184,9.78868322918588,1.57079632679497,156.534178109225,-99.9999999999995,0
77.9994998749687,9.79299872981312,1.57079632679497,156.730087040032,-99.9999999999995,0
78.0195048762191,9.79722609950579,1.57079632679497,156.9260805398,-99.9999999999995,0
78.0395098774694,9.80136713806925,1.57079632679497,157.122156881464,-99.9999999999995,0
78.0595148787197,9.80542360855333,1.57079632679497,157.318314373233,-99.9999999999995,0
78.07951987997,9.80939723800295,1.57079632679497,157.514551357862,-99.9999999999995,0
78.0995248812203,9.8132897181934,1.57079632679497,157.710866211954,-99.9999999999995,0
78.1195298824706,9.81710270635064,1.57079632679497,157.907257345261,-99.9999999999995,0
78.1395348837209,9.82083782585684,1.57079632679497,158.103723200014,-99.9999999999995,0
78.1595398849712,9.82449666694155,1.57079632679497,158.300262250256,-99.9999999999995,0
78.1795448862215,9.82808078735873,1.57079632679497,158.49687300119,-99.9999999999995,0
78.1995498874719,9.83159171304999,1.57079632679497,158.693553988551,-99.9999999999995,0
78.2195548887222,9.83503093879421,1.57079632679497,158.890303777973,-99.9999999999995,0
78.2395598899725,9.83839992884401,1.57079632679496,159.087120964384,-99.9999999999995,0
78.2595648912228,9.8417001175491,1.57079632679497,159.284004171406,-99.9999999999995,0
78.2795698924731,9.84493290996697,1.57079632679497,159.48095205077,-99.9999999999995,0
78.2995748937234,9.84809968246113,1.57079632679497,159.677963281741,-99.9999999999995,0
78.3195798949737,9.85120178328703,1.57079632679497,159.875036570554,-99.9999999999995,0
78.3395848962241,9.85424053316614,1.57079632679497,160.072170649869,-99.9999999999995,0
78.3595898974744,9.85721722584823,1.57079632679497,160.269364278225,-99.9999999999995,0
78.3795948987247,9.86013312866217,1.57079632679497,160.466616239514,-99.9999999999995,0
78.399599899975,9.86298948305552,1.57079632679497,160.663925342464,-99.9999999999995,0
78.4196049012253,9.86578750512304,1.57079632679497,160.861290420132,-99.9999999999995,0
78.4396099024756,9.86852838612448,1.57079632679497,161.058710329403,-99.9999999999995,0
78.4596149037259,9.87121329299176,1.57079632679497,161.256183950511,-99.9999999999995,0
78.4796199049762,9.87384336882576,1.57079632679497,161.453710186554,-99.9999999999995,0
78.4996249062266,9.87641973338302,1.57079632679497,161.651287963034,-99.9999999999995,0
78.5196299074769,9.87894348355247,1.57079632679497,161.848916227394,-99.9999999999995,0
78.5396349087272,9.88141569382243,1.57079632679497,162.046593948573,-99.9999999999995,0
78.5596399099775,9.88383741673808,1.57079632679497,162.244320116566,-99.9999999999995,0
78.5796449112278,9.88620968334959,1.57079632679497,162.442093741996,-99.9999999999995,0
78.5996499124781,9.88853350365104,1.57079632679497,162.639913855689,-99.9999999999995,0
78.6196549137284,9.89080986701051,1.57079632679497,162.837779508264,-99.9999999999995,0
78.6396599149788,9.89303974259123,1.57079632679497,163.035689769728,-99.9999999999995,0
78.6596649162291,9.89522407976423,1.57079632679497,163.233643729081,-99.9999999999995,0
78.6796699174794,9.89736380851253,1.57079632679497,163.431640493927,-99.9999999999995,0
78.6996749187297,9.89945983982711,1.57079632679497,163.629679190094,-99.9999999999995,0
78.71967991998,9.90151306609473,1.57079632679497,163.827758961262,-99.9999999999995,0
78.7396849212303,9.90352436147785,1.57079632679497,164.025878968602,-99.9999999999995,0
78.7596899224806,9.90549458228686,1.57079632679497,164.22403839041,-99.9999999999995,0
78.7796949237309,9.90742456734462,1.57079632679497,164.422236421767,-99.9999999999995,0
78.7996999249812,9.90931513834359,1.57079632679497,164.620472274192,-99.9999999999995,0
78.8197049262316,9.91116710019564,1.57079632679497,164.818745175303,-99.9999999999995,0
78.8397099274819,9.91298124137483,1.57079632679497,165.017054368494,-99.9999999999995,0
78.8597149287322,9.914758334253,1.57079632679497,165.215399112611,-99.9999999999995,0
78.8797199299825,9.91649913542866,1.57079632679497,165.413778681635,-99.9999999999995,0
78.8997249312328,9.91820438604911,1.57079632679497,165.612192364372,-99.9999999999995,0
78.9197299324831,9.919874812126,1.57079632679497,165.810639464155,-99.9999999999995,0
78.9397349337334,9.92151112484436,1.57079632679497,166.009119298541,-99.9999999999995,0
78.9597399349837,9.92311402086547,1.57079632679497,166.207631199027,-99.9999999999995,0
78.9797449362341,9.92468418262343,1.57079632679497,166.406174510761,-99.9999999999995,0
78.9997499374844,9.92622227861569,1.57079632679497,166.604748592264,-99.9999999999995,0
79.0197549387347,9.9277289636877,1.57079632679497,166.803352815156,-99.9999999999995,0
79.039759939985,9.92920487931167,1.57079632679497,167.001986563892,-99.9999999999995,0
79.0597649412353,9.93065065385971,1.57079632679497,167.200649235497,-99.9999999999995,0
79.0797699424856,9.93206690287135,1.57079632679497,167.399340239309,-99.9999999999995,0
79.0997749437359,9.93345422931559,1.57079632679497,167.598058996729,-99.9999999999995,0
79.1197799449862,9.93481322384764,1.57079632679497,167.796804940975,-99.9999999999995,0
79.1397849462366,9.93614446506037,1.57079632679496,167.995577516839,-99.9999999999995,0
79.1597899474869,9.93744851973068,1.57079632679496,168.194376180451,-99.9999999999995,0
79.1797949487372,9.93872594306075,1.57079632679496,168.393200399048,-99.9999999999995,0
79.1997999499875,9.93997727891447,1.57079632679496,168.592049650748,-99.9999999999995,0
79.2198049512378,9.94120306004896,1.57079632679496,168.790923424326,-99.9999999999995,0
79.2398099524881,9.94240380834142,1.57079632679496,168.989821218997,-99.9999999999995,0
79.2598149537384,9.94358003501126,1.57079632679496,169.188742544205,-99.9999999999995,0
79.2798199549888,9.94473224083785,1.57079632679496,169.387686919409,-99.9999999999995,0
79.2998249562391,9.94586091637362,1.57079632679496,169.586653873883,-99.9999999999995,0
79.3198299574894,9.94696654215299,1.57079632679496,169.785642946515,-99.9999999999995,0
79.3398349587397,9.94804958889692,1.57079632679496,169.98465368561,-99.9999999999995,0
79.35983995999,9.94911051771335,1.57079632679496,170.183685648695,-99.9999999999995,0
79.3798449612403,9.95014978029347,1.57079632679496,170.382738402336,-99.9999999999995,0
79.3998499624906,9.95116781910407,1.57079632679496,170.581811521948,-99.9999999999995,0
79.4198549637409,9.9521650675759,1.57079632679496,170.780904591618,-99.9999999999995,0
79.4398599649912,9.95314195028823,1.57079632679496,170.980017203929,-99.9999999999995,0
79.4598649662416,9.95409888314956,1.57079632679496,171.179148959781,-99.9999999999995,0
79.4798699674919,9.95503627357477,1.57079632679496,171.378299468225,-99.9999999999995,0
79.4998749687422,9.95595452065849,1.57079632679496,171.577468346297,-99.9999999999995,0
79.5198799699925,9.95685401534508,1.57079632679496,171.776655218853,-99.9999999999995,0
79.5398849712428,9.95773514059507,1.57079632679496,171.975859718411,-99.9999999999995,0
79.5598899724931,9.95859827154816,1.57079632679496,172.175081484993,-99.9999999999995,0
79.5798949737434,9.95944377568299,1.57079632679496,172.374320165973,-99.9999999999995,0
79.5998999749937,9.96027201297356,1.57079632679496,172.573575415926,-99.9999999999995,0
79.6199049762441,9.9610833360425,1.57079632679496,172.772846896481,-99.9999999999995,0
79.6399099774944,9.96187809031119,1.57079632679496,172.972134276178,-99.9999999999995,0
79.6599149787447,9.96265661414685,1.57079632679496,173.171437230325,-99.9999999999995,0
79.679919979995,9.96341923900658,1.57079632679496,173.370755440861,-99.9999999999995,0
79.6999249812453,9.96416628957846,1.57079632679496,173.570088596221,-99.9999999999995,0
79.7199299824956,9.96489808391983,1.57079632679496,173.769436391203,-99.9999999999995,0
79.7399349837459,9.96561493359266,1.57079632679496,173.968798526838,-99.9999999999995,0
79.7599399849963,9.96631714379624,1.57079632679496,174.16817471026,-99.9999999999995,0
79.7799449862466,9.96700501349708,1.57079632679496,174.367564654587,-99.9999999999995,0
79.7999499874969,9.9676788355562,1.57079632679496,174.566968078795,-99.9999999999995,0
79.8199549887472,9.96833889685385,1.57079632679496,174.766384707597,-99.9999999999995,0
79.8399599899975,9.96898547841162,1.57079632679496,174.965814271331,-99.9999999999995,0
79.8599649912478,9.96961885551208,1.57079632679496,175.165256505839,-99.9999999999995,0
79.8799699924981,9.97023929781601,1.57079632679496,175.364711152361,-99.9999999999995,0
79.8999749937484,9.97084706947718,1.57079632679496,175.564177957417,-99.9999999999995,0
79.9199799949988,9.97144242925483,1.57079632679496,175.763656672708,-99.9999999999995,0
79.9399849962491,9.97202563062382,1.57079632679496,175.963147055003,-99.9999999999995,0
79.9599899974994,9.97259692188259,1.57079632679496,176.162648866039,-99.9999999999995,0
79.9799949987497,9.9731565462588,1.57079632679496,176.362161872419,-99.9999999999995,0
80.0,9.97370474201297,1.57079632679496,176.561685845513,-99.9999999999995,0
